crossing time (s)	slope (V/s)	crossing number
5199.669208	4.695643	4663
5200.715948	5.109508	4664
5201.691760	5.155904	4665
5202.732682	6.495550	4666
5203.715023	6.314749	4667
5204.746291	7.224371	4668
5205.732554	7.383548	4669
5206.761815	6.899607	4670
5207.748238	7.912398	4671
5208.778378	7.148877	4672
5209.764774	8.084213	4673
5210.800944	6.686235	4674
5211.781305	7.939356	4675
5212.829522	5.907268	4676
5213.797897	8.136072	4677
5214.851089	5.535716	4678
5215.814224	8.159490	4679
5216.870389	5.798376	4680
5217.832391	8.111960	4681
5218.890424	5.988720	4682
5219.850527	8.390192	4683
5220.913005	6.160412	4684
5221.868609	8.609201	4685
5222.933259	6.308590	4686
5223.887460	8.072056	4687
5224.954102	6.711100	4688
5225.905392	7.782341	4689
5226.973006	6.914788	4690
5227.923585	7.562783	4691
5228.992303	7.445513	4692
5229.942583	7.097491	4693
5231.011515	7.573937	4694
5231.959651	6.392157	4695
5233.029786	7.843729	4696
5233.979611	5.924853	4697
5235.047967	8.576077	4698
5236.001343	5.255290	4699
5237.067300	8.235192	4700
5238.022415	5.534991	4701
5239.084645	8.268454	4702
5240.042996	5.652372	4703
5241.099537	7.395632	4704
5242.065697	6.021424	4705
5243.113532	6.304420	4706
5244.086974	7.165116	4707
5245.127426	5.316316	4708
5246.105262	7.805970	4709
5247.143458	5.525380	4710
5248.124435	8.836821	4711
5249.159313	6.760370	4712
5250.146117	9.444599	4713
5251.176453	8.284162	4714
5252.168537	9.599788	4715
5253.195052	9.559296	4716
5254.189218	9.200346	4717
5255.216854	10.473418	4718
5256.206107	8.015469	4719
5257.238650	10.753105	4720
5258.216510	5.706150	4721
5259.260154	10.731310	4722
5260.233050	4.305709	4723
5261.281638	10.196477	4724
5262.252093	4.513601	4725
5263.299430	9.476767	4726
5264.270397	5.167051	4727
5265.317308	8.909772	4728
5266.289770	6.215270	4729
5267.333754	8.728821	4730
5268.309097	6.645086	4731
5269.351420	8.612950	4732
5270.329893	6.883828	4733
5271.368479	9.064332	4734
5272.351245	7.577718	4735
5273.385195	9.122760	4736
5274.370828	8.627662	4737
5275.401030	9.472372	4738
5276.390345	9.181425	4739
5277.417444	9.597439	4740
5278.407618	9.863731	4741
5279.434523	9.425610	4742
5280.424086	10.232329	4743
5281.451069	9.761843	4744
5282.441265	10.343226	4745
5283.471479	8.949421	4746
5284.456296	9.952136	4747
5285.491473	8.629591	4748
5286.473242	10.017282	4749
5287.513312	8.769418	4750
5288.488579	9.896912	4751
5289.533830	8.988355	4752
5290.505881	10.417454	4753
5291.555146	8.886635	4754
5292.524030	10.780252	4755
5293.574938	8.696210	4756
5294.541352	10.673586	4757
5295.595285	9.752133	4758
5296.559719	11.088150	4759
5297.613291	9.941688	4760
5298.580243	11.219746	4761
5299.631399	10.344505	4762
5300.599468	10.892179	4763
5301.648758	10.694689	4764
5302.619978	10.706599	4765
5303.666949	11.493699	4766
5304.637883	10.076727	4767
5305.684863	11.525500	4768
5306.656142	9.423850	4769
5307.701820	11.777588	4770
5308.674801	9.235870	4771
5309.721305	11.446898	4772
5310.693496	8.925816	4773
5311.739721	10.377737	4774
5312.711899	9.251560	4775
5313.754920	9.720632	4776
5314.730022	9.834833	4777
5315.768668	8.463481	4778
5316.748140	10.446679	4779
5317.782969	8.409953	4780
5318.768275	11.585781	4781
5319.797602	9.638530	4782
5320.787866	12.605513	4783
5321.813034	11.667197	4784
5322.810941	13.419704	4785
5323.829724	12.746857	4786
5324.832459	13.762563	4787
5325.851420	13.733814	4788
5326.853288	12.918192	4789
5327.871466	14.277846	4790
5328.871098	12.140557	4791
5329.895082	14.204649	4792
5330.888626	10.345583	4793
5331.914789	13.802547	4794
5332.903645	9.339243	4795
5333.935165	13.229118	4796
5334.918718	9.167331	4797
5335.951731	12.487842	4798
5336.936165	9.379004	4799
5337.968882	12.130497	4800
5338.955708	9.817396	4801
5339.984339	11.943177	4802
5340.973740	10.540042	4803
5342.001423	11.951314	4804
5342.993089	11.047127	4805
5344.016632	12.169007	4806
5345.011785	11.819029	4807
5346.033702	12.599023	4808
5347.029206	12.090024	4809
5348.052129	12.688437	4810
5349.046341	12.477732	4811
5350.068580	12.904311	4812
5351.063814	12.416467	4813
5352.086641	12.375210	4814
5353.079943	12.771609	4815
5354.105333	12.694064	4816
5355.096268	12.372721	4817
5356.124383	11.651940	4818
5357.112076	12.607483	4819
5358.145835	11.531219	4820
5359.125226	12.347171	4821
5360.167270	12.022293	4822
5361.146061	11.995587	4823
5362.183668	11.692703	4824
5363.159459	12.735205	4825
5364.203275	11.918563	4826
5365.176983	13.217517	4827
5366.221687	12.072509	4828
5367.195920	13.247715	4829
5368.239869	12.621916	4830
5369.213128	13.930208	4831
5370.258741	12.908364	4832
5371.232602	13.679457	4833
5372.275436	13.328479	4834
5373.251267	13.856816	4835
5374.293554	13.544160	4836
5375.270732	13.278342	4837
5376.312066	14.007680	4838
5377.288816	13.030076	4839
5378.330851	14.157191	4840
5379.307808	12.639336	4841
5380.348977	13.569580	4842
5381.325707	12.541105	4843
5382.367550	13.024941	4844
5383.343190	12.449388	4845
5384.382654	12.038717	4846
5385.360352	12.887575	4847
5386.396090	11.459793	4848
5387.380180	13.160625	4849
5388.408951	11.430301	4850
5389.397562	13.724091	4851
5390.423048	12.364227	4852
5391.419314	14.785625	4853
5392.437702	13.447132	4854
5393.436791	15.571420	4855
5394.453971	14.534381	4856
5395.456351	16.424462	4857
5396.474652	15.680892	4858
5397.478316	16.356893	4859
5398.494579	16.295986	4860
5399.499002	16.212496	4861
5400.516109	16.880399	4862
5401.517573	15.334035	4863
5402.534710	16.406274	4864
5403.535951	14.608084	4865
5404.557621	16.224750	4866
5405.552421	13.508616	4867
5406.573848	15.462166	4868
5407.569047	13.466097	4869
5408.591439	15.171870	4870
5409.585438	13.001860	4871
5410.609545	14.617922	4872
5411.602776	13.446164	4873
5412.624830	14.357512	4874
5413.619814	13.165519	4875
5414.640820	14.449398	4876
5415.636552	13.867016	4877
5416.657548	14.399860	4878
5417.653428	14.159781	4879
5418.674839	14.307252	4880
5419.671066	14.395998	4881
5420.691755	14.665907	4882
5421.687998	14.409235	4883
5422.709787	14.428020	4884
5423.704716	14.438487	4885
5424.728330	14.524444	4886
5425.721542	14.010764	4887
5426.748451	14.202014	4888
5427.738169	13.901962	4889
5428.766135	14.133229	4890
5429.752620	13.618664	4891
5430.786109	14.023789	4892
5431.768050	13.936728	4893
5432.804446	13.812036	4894
5433.783098	13.965115	4895
5434.823512	14.288118	4896
5435.800459	14.541559	4897
5436.841392	14.293986	4898
5437.817164	14.887707	4899
5438.860444	14.554562	4900
5439.835078	15.384601	4901
5440.876332	14.513642	4902
5441.855366	15.557961	4903
5442.895409	14.819878	4904
5443.872767	15.834397	4905
5444.912795	14.837166	4906
5445.891641	15.549257	4907
5446.931167	15.057323	4908
5447.909083	15.676173	4909
5448.947221	14.896972	4910
5449.931786	15.646733	4911
5450.963438	14.947111	4912
5451.946825	15.405771	4913
5452.981933	14.401098	4914
5453.965835	14.827663	4915
5454.997888	14.573614	4916
5455.985574	15.251433	4917
5457.010873	14.035403	4918
5458.001290	15.196767	4919
5459.026478	14.240789	4920
5460.020597	15.653735	4921
5461.041442	14.445610	4922
5462.036794	16.453192	4923
5463.056238	15.172935	4924
5464.056545	16.879519	4925
5465.073657	15.905101	4926
5466.073544	17.816661	4927
5467.091268	17.162189	4928
5468.095667	18.036957	4929
5469.111525	17.771498	4930
5470.116230	18.185478	4931
5471.131248	18.224817	4932
5472.135689	17.744971	4933
5473.152948	18.282131	4934
5474.155291	16.935646	4935
5475.169737	18.171263	4936
5476.173169	16.544706	4937
5477.190285	17.625083	4938
5478.187636	15.770163	4939
5479.207707	17.191751	4940
5480.205780	15.561504	4941
5481.226729	16.530554	4942
5482.221436	15.045731	4943
5483.240932	16.346081	4944
5484.238845	15.150215	4945
5485.259037	16.120561	4946
5486.256834	15.349352	4947
5487.273839	16.144339	4948
5488.272545	15.340874	4949
5489.292227	15.973019	4950
5490.289427	15.269956	4951
5491.310141	15.845850	4952
5492.305102	15.320079	4953
5493.325683	16.018351	4954
5494.321371	15.387427	4955
5495.346644	15.648907	4956
5496.338717	15.283108	4957
5497.363374	15.657700	4958
5498.352718	15.210767	4959
5499.383072	15.560665	4960
5500.370010	15.217975	4961
5501.398448	15.631281	4962
5502.385244	15.435649	4963
5503.420247	15.586346	4964
5504.400608	15.763375	4965
5505.438278	15.553426	4966
5506.417444	15.940361	4967
5507.457094	15.637071	4968
5508.433920	16.385647	4969
