crossing time (s)	slope (V/s)	crossing number
2655.323462	8.809300	2137
2656.359040	8.017279	2138
2657.341891	7.268283	2139
2658.374112	9.840453	2140
2659.372171	9.332211	2141
2660.380261	10.635175	2142
2661.399623	10.832365	2143
2662.385192	10.040229	2144
2663.416744	11.064272	2145
2664.409573	11.369588	2146
2665.416409	12.498360	2147
2666.434123	11.864143	2148
2667.426488	11.782229	2149
2668.442044	11.743680	2150
2669.456667	11.109100	2151
2670.445163	12.305459	2152
2671.468649	10.309872	2153
2672.479715	10.335068	2154
2673.469738	11.619856	2155
2674.494568	9.807857	2156
2675.508257	9.161688	2157
2676.495804	11.325342	2158
2677.526160	9.462933	2159
2678.530909	9.957339	2160
2679.528291	11.327898	2161
2680.553211	10.433196	2162
2681.550664	10.037375	2163
2682.557613	11.293024	2164
2683.580510	12.066711	2165
2684.566654	12.230753	2166
2685.594908	10.838993	2167
2686.597208	11.180624	2168
2687.603136	12.400251	2169
2688.620573	13.676047	2170
2689.612581	13.271928	2171
2690.637300	11.533116	2172
2691.625319	11.155974	2173
2692.657537	10.727897	2174
2693.654210	9.917612	2175
2694.676444	12.449294	2176
2695.680451	13.158711	2177
2696.690149	13.533365	2178
2697.694142	13.774399	2179
2698.703495	12.549897	2180
2699.704312	12.114957	2181
2700.722690	11.423260	2182
2701.712074	11.874693	2183
2702.736380	12.198098	2184
2703.727787	12.810787	2185
2704.746159	13.951955	2186
2705.754295	13.303214	2187
2706.758998	14.167898	2188
2707.782528	12.731971	2189
2708.770764	12.302346	2190
2709.792343	12.070488	2191
2710.794918	13.330266	2192
2711.801394	14.483719	2193
2712.826347	14.380651	2194
2713.814590	11.857582	2195
2714.835568	11.621069	2196
2715.841756	13.185759	2197
2716.841866	13.792413	2198
2717.870334	15.312342	2199
2718.859323	11.919108	2200
2719.881281	11.799554	2201
2720.886770	13.951491	2202
2721.887058	13.098294	2203
2722.910633	15.710706	2204
2723.905110	12.871256	2205
2724.925037	13.968406	2206
2725.929113	14.282461	2207
2726.930667	14.093750	2208
2727.949421	15.765183	2209
2728.943244	14.606188	2210
2729.969263	15.717615	2211
2730.960411	13.966743	2212
2731.982442	14.926196	2213
2732.976991	14.904464	2214
2733.990548	13.487056	2215
2734.991887	15.442326	2216
2736.000346	13.778031	2217
2737.006311	15.277809	2218
2738.017687	13.254219	2219
2739.021945	14.194821	2220
2740.039331	13.119784	2221
2741.038540	13.956713	2222
2742.060919	13.214487	2223
2743.051773	14.300018	2224
2744.079229	13.542086	2225
2745.068463	14.545173	2226
2746.099026	13.110874	2227
2747.087820	13.060800	2228
2748.112228	14.344501	2229
2749.116874	15.032363	2230
2750.120409	15.448467	2231
2751.138413	14.825678	2232
2752.129199	14.167524	2233
2753.159113	15.566574	2234
2754.155549	14.546056	2235
2755.168482	16.588363	2236
2756.177633	16.895066	2237
2757.174284	16.455811	2238
2758.198542	16.459456	2239
2759.193405	15.335180	2240
2760.213292	17.105105	2241
2761.214014	17.561821	2242
2762.221553	17.716930	2243
2763.235061	17.505562	2244
2764.231729	17.264621	2245
2765.254601	17.145822	2246
2766.251326	16.050653	2247
2767.272610	17.621759	2248
2768.274319	17.465572	2249
2769.280420	17.169184	2250
2770.289164	18.017064	2251
2771.291503	17.473634	2252
2772.308014	17.298457	2253
2773.306083	17.664815	2254
2774.329849	16.771471	2255
2775.324253	16.607143	2256
2776.351258	16.680623	2257
2777.342588	15.946132	2258
2778.368865	15.981980	2259
2779.358904	15.583054	2260
2780.381104	14.526904	2261
2781.373583	16.183947	2262
2782.388549	14.484545	2263
2783.393943	16.987142	2264
2784.398530	16.658559	2265
2785.413015	18.007558	2266
2786.417615	18.069466	2267
2787.441375	18.620462	2268
2788.434508	16.532114	2269
2789.463774	17.542750	2270
2790.450123	15.765964	2271
2791.469734	15.792291	2272
2792.470985	17.000752	2273
2793.475286	18.048982	2274
2794.494150	18.957277	2275
2795.494744	18.684940	2276
2796.521434	19.973558	2277
2797.512438	16.560993	2278
2798.536680	17.101186	2279
2799.529094	17.262446	2280
2800.540258	17.052225	2281
2801.548928	19.893479	2282
2802.551674	20.284427	2283
2803.570184	20.313448	2284
2804.571486	18.831856	2285
2805.595005	19.758101	2286
2806.587432	17.192847	2287
2807.610116	17.312654	2288
2808.599097	16.835660	2289
2809.614427	15.851884	2290
2810.616203	18.164525	2291
2811.625974	17.928179	2292
2812.633448	18.322588	2293
2813.642275	18.610191	2294
2814.651899	18.545147	2295
2815.659781	19.371990	2296
2816.669058	18.320306	2297
2817.677451	19.388439	2298
2818.681345	19.026117	2299
2819.698309	19.812129	2300
2820.697893	19.457082	2301
2821.715627	19.762052	2302
2822.711542	20.136391	2303
2823.735811	19.705270	2304
2824.730718	19.607245	2305
2825.754798	19.839592	2306
2826.753162	19.206232	2307
2827.769528	19.041346	2308
2828.774325	19.594671	2309
2829.779015	18.863874	2310
2830.791067	20.034404	2311
2831.789354	20.354926	2312
2832.811419	20.610026	2313
2833.807661	20.257604	2314
2834.833500	20.707067	2315
2835.824703	19.292935	2316
2836.848881	20.344975	2317
2837.845478	19.863430	2318
2838.857918	19.628166	2319
2839.864776	20.857008	2320
2840.868751	20.710425	2321
2841.882591	21.012661	2322
2842.884587	21.176533	2323
2843.904353	21.037467	2324
2844.903706	20.107897	2325
2845.927210	21.113366	2326
2846.920134	19.353605	2327
2847.943112	19.595602	2328
2848.936079	18.547520	2329
2849.955531	17.523494	2330
2850.953272	18.430344	2331
2851.969399	17.332223	2332
2852.969510	17.967693	2333
2853.983900	17.808816	2334
2854.984977	17.777810	2335
2855.999602	18.165623	2336
2856.999235	17.546041	2337
2858.016903	18.102310	2338
2859.009817	18.147621	2339
2860.034076	18.456761	2340
2861.026407	18.943994	2341
2862.052173	19.026229	2342
2863.044394	19.594578	2343
2864.066621	19.965020	2344
2865.065455	20.129506	2345
2866.083026	20.610677	2346
2867.084464	20.414628	2347
2868.096622	21.086788	2348
2869.104028	20.699456	2349
2870.110152	21.096355	2350
2871.126391	20.304242	2351
2872.120321	20.579715	2352
2873.149774	20.338658	2353
2874.138412	19.629468	2354
2875.165608	19.970498	2355
2876.154660	19.953810	2356
2877.174995	20.107524	2357
2878.175103	20.940476	2358
2879.185024	21.453760	2359
2880.198535	22.031243	2360
2881.199894	21.979656	2361
2882.220238	21.564343	2362
2883.219508	21.240509	2363
2884.238985	21.552241	2364
2885.234736	20.212139	2365
2886.259245	20.574447	2366
2887.248222	18.836794	2367
2888.273806	19.723423	2368
2889.262867	18.652985	2369
2890.290764	18.797704	2370
2891.276754	18.827080	2371
2892.303153	18.816379	2372
2893.292439	18.920485	2373
2894.317883	18.887774	2374
2895.305695	18.885114	2375
2896.334406	19.436865	2376
2897.328001	19.554379	2377
2898.346818	20.449262	2378
2899.343286	19.919579	2379
2900.361690	21.246038	2380
2901.363927	20.646566	2381
2902.378730	22.130942	2382
2903.386068	21.394275	2383
2904.392989	22.450274	2384
2905.407128	21.568243	2385
2906.406763	22.166443	2386
2907.428247	21.597787	2387
2908.421811	21.486095	2388
2909.446570	21.317639	2389
2910.438496	20.737571	2390
2911.462030	21.226520	2391
2912.456541	21.246910	2392
2913.474003	21.662733	2393
2914.476362	21.978679	2394
2915.486961	22.902771	2395
2916.495911	22.945228	2396
2917.500266	23.681339	2397
2918.513164	23.392412	2398
2919.516658	23.625189	2399
2920.534321	23.204091	2400
2921.532802	22.820606	2401
2922.552962	22.551330	2402
2923.548051	21.824911	2403
2924.570314	22.026256	2404
2925.566192	21.665357	2405
2926.586058	21.207693	2406
2927.578744	21.003015	2407
2928.599421	20.456280	2408
2929.595844	20.918680	2409
2930.613979	20.898445	2410
2931.611329	21.046414	2411
2932.630670	21.297239	2412
2933.626617	21.481535	2413
2934.644868	21.821671	2414
2935.642705	21.766589	2415
2936.660940	22.553532	2416
2937.661458	22.364326	2417
2938.676999	23.214242	2418
2939.681079	22.997463	2419
2940.695264	24.014586	2420
2941.699552	23.166232	2421
2942.708234	23.867930	2422
2943.719631	23.526852	2423
2944.720289	23.520727	2424
2945.741186	22.712679	2425
2946.731722	22.703214	2426
2947.762616	22.764761	2427
2948.751363	22.056238	2428
2949.774823	22.605106	2429
2950.768550	21.857112	2430
2951.790484	22.890418	2431
2952.792776	22.972699	2432
2953.805144	24.110425	2433
2954.808196	23.617582	2434
2955.816020	25.280176	2435
2956.829896	23.882175	2436
2957.831535	25.082501	2437
2958.845959	23.450247	2438
2959.848089	24.627518	2439
2960.865954	22.750487	2440
2961.864943	23.489364	2441
2962.880716	22.109613	2442
2963.879509	22.933324	2443
2964.896559	22.084632	2444
2965.894916	22.658949	2445
2966.910718	21.691819	2446
2967.908294	22.596964	2447
2968.926180	22.329094	2448
2969.926072	22.521026	2449
2970.940269	22.981918	2450
