crossing time (s)	slope (V/s)	crossing number
7408.817285	3.363547	6864
7409.892059	6.737601	6865
7410.867648	6.098444	6866
7411.891772	5.963312	6867
7412.866260	6.563228	6868
7413.939480	3.304259	6869
7414.878831	5.862151	6870
7415.924027	3.533082	6871
7416.907811	4.128215	6872
7417.975226	5.681717	6873
7418.914565	3.009047	6874
7419.957855	6.212089	6875
7420.935958	5.478786	6876
7422.004511	4.083966	6877
7422.959199	5.556665	6878
7423.997395	3.825723	6879
7424.958894	5.006508	6880
7426.033379	5.399149	6881
7426.998636	3.645773	6882
7428.033067	5.454066	6883
7428.988863	3.965678	6884
7430.063921	5.437400	6885
7431.032756	5.756126	6886
7432.063258	4.553357	6887
7433.028299	5.819849	6888
7434.105908	4.658162	6889
7435.049645	4.725968	6890
7436.093494	4.863901	6891
7437.083477	4.246633	6892
7438.122942	5.475015	6893
7439.075813	4.323547	6894
7440.154344	5.148530	6895
7441.088646	4.271814	6896
7442.160566	5.665901	6897
7443.121587	4.904957	6898
7444.166288	5.558703	6899
7445.146365	4.947889	6900
7446.179304	5.357004	6901
7447.165996	5.432635	6902
7448.196298	5.543401	6903
7449.180280	4.857531	6904
7450.215805	5.447149	6905
7451.191148	4.333533	6906
7452.242168	5.414391	6907
7453.196528	4.414509	6908
7454.268249	4.587632	6909
7455.209950	5.257395	6910
7456.279313	4.874309	6911
7457.241453	4.669225	6912
7458.277529	5.165651	6913
7459.261407	4.869549	6914
7460.307980	4.600057	6915
7461.258423	4.821833	6916
7462.332533	5.142440	6917
7463.288871	5.012451	6918
7464.327520	4.675108	6919
7465.311232	4.934430	6920
7466.363127	5.068536	6921
7467.309425	5.196633	6922
7468.375836	5.116208	6923
7469.345005	4.574658	6924
7470.377516	4.888830	6925
7471.352215	5.332281	6926
7472.418342	4.562912	6927
7473.359806	5.269807	6928
7474.422643	4.616783	6929
7475.397328	4.957804	6930
7476.428695	4.931504	6931
7477.404792	4.629801	6932
7478.463624	4.583430	6933
7479.407157	5.012129	6934
7480.482302	4.638084	6935
7481.432821	4.670264	6936
7482.484312	4.840584	6937
7483.461843	4.683884	6938
7484.493237	4.576136	6939
7485.483276	4.758952	6940
7486.336944	7.020776	6941
7487.497691	4.687996	6942
7488.528797	5.079741	6943
7489.509868	4.860470	6944
7490.547082	5.088707	6945
7491.527636	5.089782	6946
7492.562085	4.776490	6947
7493.547185	4.642906	6948
7494.575615	4.792405	6949
7495.567647	4.791446	6950
7496.590229	4.952392	6951
7497.582739	5.259398	6952
7498.612758	4.842192	6953
7499.586881	5.273984	6954
7500.646472	4.683406	6955
7501.590943	4.921848	6956
7502.665434	5.059578	6957
7503.612989	4.785528	6958
7504.665606	5.488382	6959
7505.646878	4.633238	6960
7506.672399	5.110690	6961
7507.660586	4.806525	6962
7508.708533	4.903888	6963
7509.657496	4.606473	6964
7510.731897	4.982778	6965
7511.680886	4.788101	6966
7512.729205	5.160598	6967
7513.717075	5.255010	6968
7514.741064	4.863052	6969
7515.723594	5.454035	6970
7516.772491	4.953739	6971
7517.722802	5.262783	6972
7518.799826	5.223744	6973
7519.742138	4.823205	6974
7520.803476	5.213053	6975
7521.776125	4.637737	6976
7522.806008	5.140186	6977
7523.800653	4.580750	6978
7524.822595	5.017819	6979
7525.814239	5.236118	6980
7526.843010	5.680706	6981
7527.824449	5.043172	6982
7528.866995	5.283417	6983
7529.835768	4.404079	6984
7530.887557	5.124089	6985
7531.850617	4.653149	6986
7532.903185	4.965650	6987
7533.868435	5.008827	6988
7534.918065	5.008494	6989
7535.889123	5.046751	6990
7536.929316	5.032021	6991
7537.912653	5.216743	6992
7538.940644	5.450090	6993
7539.931151	5.023916	6994
7540.956821	5.172719	6995
7541.945479	4.972848	6996
7542.981881	4.881183	6997
7543.949334	4.277326	6998
7545.010318	4.930679	6999
7545.956239	4.635567	7000
7547.029740	5.065393	7001
7547.978642	4.582029	7002
7549.034980	5.466815	7003
7550.010184	5.129680	7004
7551.041452	5.121238	7005
7552.031294	5.281560	7006
7553.058308	4.748733	7007
7554.038886	5.532211	7008
7555.089390	5.078380	7009
7556.042629	5.104260	7010
7557.114887	5.665684	7011
7558.057961	5.364578	7012
7559.125922	5.193423	7013
7560.084930	5.208528	7014
7561.129443	5.373900	7015
7562.110426	4.826237	7016
7563.139780	5.202442	7017
7564.132214	4.914584	7018
7565.154431	5.107359	7019
7566.148936	5.047681	7020
7567.171873	5.148072	7021
7568.162670	4.823263	7022
7569.190508	5.188877	7023
7570.176659	4.554772	7024
7571.208853	5.531905	7025
7572.191580	4.367682	7026
7573.225033	5.405325	7027
7574.210348	4.613032	7028
7575.239590	5.357641	7029
7576.229814	4.422488	7030
7577.252483	5.363508	7031
7578.248218	4.848231	7032
7579.269659	5.435522	7033
7580.264269	5.108528	7034
7581.289351	5.525621	7035
7582.276130	5.349821	7036
7583.314744	5.357230	7037
7584.282413	4.905172	7038
7585.342290	5.103464	7039
7586.290868	5.096037	7040
7587.362679	4.768521	7041
7588.308133	5.175021	7042
7589.374178	4.974649	7043
7590.331495	4.554158	7044
7591.379636	5.097110	7045
7592.359941	5.082291	7046
7593.389210	5.149677	7047
7594.380312	5.324923	7048
7595.408435	4.960462	7049
7596.391320	5.354382	7050
7597.432133	4.898061	7051
7598.395080	4.383546	7052
7599.457253	4.487097	7053
7600.407821	4.916824	7054
7601.479598	4.877611	7055
7602.422145	4.915449	7056
7603.495767	5.004136	7057
7604.440093	5.317625	7058
7605.507766	5.279279	7059
7606.458884	4.679039	7060
7607.521742	5.037862	7061
7608.478126	4.548157	7062
7609.536492	4.814286	7063
7610.495136	4.548536	7064
7611.551342	4.973577	7065
7612.510936	5.625757	7066
7613.570485	4.981406	7067
7614.526897	5.064405	7068
7615.587335	4.868443	7069
7616.540253	5.160138	7070
7617.607689	5.282934	7071
7618.554442	5.166946	7072
7619.626764	5.132303	7073
7620.570680	5.072677	7074
7621.641631	5.571680	7075
7622.590057	5.455450	7076
7623.652703	5.511891	7077
7624.615226	4.978865	7078
7625.663323	5.608667	7079
7626.639571	5.389713	7080
7627.668521	4.862933	7081
7628.662508	5.311219	7082
7629.682562	4.855897	7083
7630.679079	5.310191	7084
7631.704734	4.956466	7085
7632.689088	5.052968	7086
7633.728862	5.378961	7087
7634.696474	4.844584	7088
7635.755973	5.570407	7089
7636.706416	4.913649	7090
7637.775623	5.332818	7091
7638.720107	5.470818	7092
7639.791457	5.253627	7093
7640.740673	5.409280	7094
7641.804575	5.571106	7095
7642.759295	5.605548	7096
7643.816332	5.334701	7097
7644.779527	5.351900	7098
7645.830224	5.116893	7099
7646.796256	5.087472	7100
7647.845313	5.376831	7101
7648.814710	5.009676	7102
7649.862130	5.563402	7103
7650.831057	5.139469	7104
7651.879154	5.635495	7105
7652.845913	5.083367	7106
7653.899417	5.373012	7107
7654.860219	5.201273	7108
7655.920329	5.324020	7109
7656.873655	5.419059	7110
7657.940303	5.202943	7111
7658.887630	5.404487	7112
7659.958224	5.380274	7113
7660.903395	5.644857	7114
7661.972275	5.214531	7115
7662.923035	5.367399	7116
7663.982420	5.903487	7117
7664.945875	5.395436	7118
7665.990122	5.345116	7119
7666.972829	5.127851	7120
7668.002197	5.051027	7121
7668.994586	5.344641	7122
7670.015587	4.872512	7123
7671.010077	5.719805	7124
7672.035342	5.148935	7125
7673.022820	5.891773	7126
7674.054756	4.808186	7127
7675.034225	5.664666	7128
7676.077294	5.116758	7129
7677.043674	5.390371	7130
7678.100326	5.213998	7131
7679.055990	5.536084	7132
7680.119078	5.179652	7133
7681.070243	5.571944	7134
7682.137250	4.656903	7135
7683.085422	4.667942	7136
7684.154563	5.015916	7137
7685.102427	5.209785	7138
7686.170997	4.807711	7139
7687.118652	5.045389	7140
7688.189175	5.007162	7141
7689.136120	5.600523	7142
7690.204962	5.140599	7143
7691.152868	5.363330	7144
7692.220911	5.211164	7145
7693.171011	5.422588	7146
7694.235304	5.226395	7147
7695.190186	4.948819	7148
7696.247977	5.697664	7149
7697.211410	5.081106	7150
7698.258376	5.917887	7151
7699.233261	5.131597	7152
7700.269730	5.732231	7153
7701.255600	5.177688	7154
7702.280265	5.477614	7155
7703.274489	5.233672	7156
7704.294853	5.388381	7157
7705.291931	5.174181	7158
7706.313487	5.327670	7159
7707.305106	5.252132	7160
7708.335852	5.255891	7161
7709.316861	5.168967	7162
7710.358015	5.325908	7163
