crossing time (s)	slope (V/s)	crossing number
4165.880211	7.671603	3639
4166.944482	6.139062	3640
4167.892982	7.866297	3641
4168.961297	6.238738	3642
4169.913273	7.089646	3643
4170.971831	6.955386	3644
4171.937838	6.516542	3645
4172.982073	6.828178	3646
4173.961930	6.020200	3647
4174.993336	6.889487	3648
4175.984661	6.019742	3649
4177.007566	7.390359	3650
4178.001749	6.823879	3651
4179.025719	7.783227	3652
4180.013921	6.417137	3653
4181.048190	7.502485	3654
4182.023768	6.793405	3655
4183.071482	7.248962	3656
4184.033869	7.374880	3657
4185.093894	6.824877	3658
4186.045280	7.192594	3659
4187.114443	6.805381	3660
4188.060822	6.481611	3661
4189.132283	7.486428	3662
4190.079421	6.059252	3663
4191.147615	7.630805	3664
4192.097169	6.454527	3665
4193.163731	7.302911	3666
4194.113625	6.969918	3667
4195.182157	7.001931	3668
4196.128869	6.806497	3669
4197.199796	7.274433	3670
4198.145711	6.202345	3671
4199.215941	7.263932	3672
4200.164575	6.209679	3673
4201.230669	7.326125	3674
4202.184303	6.990279	3675
4203.244478	7.062498	3676
4204.203624	7.055596	3677
4205.257160	7.319523	3678
4206.226576	6.779281	3679
4207.266998	7.675164	3680
4208.250373	7.010202	3681
4209.278874	7.498042	3682
4210.272408	6.599417	3683
4211.293335	7.331853	3684
4212.291460	7.089971	3685
4213.310817	7.740085	3686
4214.305048	7.346824	3687
4215.330569	7.563634	3688
4216.316505	7.592647	3689
4217.352718	6.913592	3690
4218.326308	7.528082	3691
4219.376348	6.172748	3692
4220.339068	7.149796	3693
4221.396275	6.798305	3694
4222.352525	7.934455	3695
4223.416586	6.617317	3696
4224.367591	7.785187	3697
4225.435092	7.092023	3698
4226.384094	7.698460	3699
4227.452044	7.213503	3700
4228.401694	7.121892	3701
4229.467664	7.291990	3702
4230.419189	7.240030	3703
4231.484884	6.901050	3704
4232.435716	7.344577	3705
4233.501540	7.091306	3706
4234.452781	6.935586	3707
4235.518885	7.566173	3708
4236.470379	7.028277	3709
4237.534731	7.830392	3710
4238.489590	6.947159	3711
4239.550586	8.030814	3712
4240.508085	6.952917	3713
4241.564471	7.968611	3714
4242.528214	6.896171	3715
4243.579113	7.726722	3716
4244.549203	6.925455	3717
4245.590706	7.498133	3718
4246.570443	6.784266	3719
4247.602495	7.127080	3720
4248.591730	6.928174	3721
4249.615873	7.319477	3722
4250.611992	6.907041	3723
4251.631452	7.567714	3724
4252.630135	7.375783	3725
4253.649952	7.939260	3726
4254.645591	7.262508	3727
4255.670461	7.758548	3728
4256.657803	6.936244	3729
4257.691461	7.897843	3730
4258.669089	6.221405	3731
4259.712730	7.536968	3732
4260.681059	6.547950	3733
4261.732824	7.450366	3734
4262.693690	7.042984	3735
4263.751925	7.493439	3736
4264.709524	6.974730	3737
4265.769961	7.062433	3738
4266.725944	7.211800	3739
4267.786935	7.188670	3740
4268.742812	7.225741	3741
4269.803791	7.044195	3742
4270.759361	7.549287	3743
4271.820226	7.314341	3744
4272.777234	7.453335	3745
4273.835570	7.273449	3746
4274.796711	7.654310	3747
4275.849772	7.406274	3748
4276.815657	7.653103	3749
4277.863210	7.498594	3750
4278.835461	8.003296	3751
4279.876012	7.870162	3752
4280.856837	7.816889	3753
4281.888341	7.613472	3754
4282.878452	7.130500	3755
4283.902041	7.508117	3756
4284.898268	7.183019	3757
4285.917428	7.675715	3758
4286.916461	7.307264	3759
4287.934250	7.731658	3760
4288.931746	7.425595	3761
4289.953325	7.447535	3762
4290.944756	7.620732	3763
4291.973337	7.225079	3764
4292.956737	7.948460	3765
4293.993875	6.703267	3766
4294.970686	8.072243	3767
4296.013758	6.807105	3768
4296.984233	8.244122	3769
4298.033260	6.892169	3770
4298.999038	8.295022	3771
4300.052231	6.921612	3772
4301.015149	8.282683	3773
4302.070546	7.176880	3774
4303.031789	8.192986	3775
4304.087892	7.324419	3776
4305.048468	7.928495	3777
4306.104608	7.613601	3778
4307.066661	8.070378	3779
4308.120952	8.021822	3780
4309.083643	8.007058	3781
4310.137227	7.612057	3782
4311.101946	7.731983	3783
4312.153098	7.840311	3784
4313.120798	7.627176	3785
4314.168496	8.382658	3786
4315.140116	7.338287	3787
4316.182354	8.292116	3788
4317.160435	7.205232	3789
4318.196550	7.721177	3790
4319.179928	7.488591	3791
4320.208723	7.459750	3792
4321.199313	7.782298	3793
4322.222622	7.157215	3794
4323.218256	7.401301	3795
4324.238030	7.490224	3796
4325.236722	7.528068	3797
4326.254786	7.801987	3798
4327.254026	7.588349	3799
4328.272750	7.570284	3800
4329.269489	7.786557	3801
4330.292554	7.794899	3802
4331.284093	7.633436	3803
4332.312363	7.503057	3804
4333.296836	7.113653	3805
4334.332467	7.124503	3806
4335.310055	7.253111	3807
4336.351970	7.483434	3808
4337.323984	7.146750	3809
4338.370790	7.305713	3810
4339.338329	7.309464	3811
4340.389296	7.686575	3812
4341.354320	7.555974	3813
4342.405711	7.800004	3814
4343.371050	7.894638	3815
4344.422280	7.594491	3816
4345.388405	8.072724	3817
4346.437996	7.791053	3818
4347.406071	7.838583	3819
4348.452704	7.665192	3820
4349.424867	7.931169	3821
4350.467258	7.664333	3822
4351.444497	7.686955	3823
4352.481734	7.742171	3824
4353.464186	7.529820	3825
4354.495112	7.674101	3826
4355.484641	7.545695	3827
4356.509032	7.890533	3828
4357.504772	7.523948	3829
4358.524138	8.019986	3830
4359.523390	7.803638	3831
4360.540344	7.851321	3832
4361.540062	7.831165	3833
4362.557247	7.854959	3834
4363.556004	8.093948	3835
4364.575804	7.607393	3836
4365.570377	8.313448	3837
4366.594727	7.613880	3838
4367.584191	8.274908	3839
4368.613429	7.504489	3840
4369.598485	8.362557	3841
4370.633525	7.226990	3842
4371.613230	8.299151	3843
4372.652504	7.132292	3844
4373.628841	8.439521	3845
4374.670664	7.280265	3846
4375.645024	8.294902	3847
4376.688629	7.214642	3848
4377.661290	8.494534	3849
4378.705785	7.573800	3850
4379.677950	8.234541	3851
4380.722939	7.737201	3852
4381.695344	7.998422	3853
4382.739062	7.856113	3854
4383.713812	7.952855	3855
4384.755047	7.956168	3856
4385.732133	8.063236	3857
4386.770361	7.873059	3858
4387.750568	7.632690	3859
4388.785394	7.943222	3860
4389.770079	7.424272	3861
4390.799598	8.175009	3862
4391.789343	7.213058	3863
4392.814599	8.110219	3864
4393.808513	7.664329	3865
4394.829173	7.904297	3866
4395.826685	7.729495	3867
4396.844317	7.709593	3868
4397.843959	7.779843	3869
4398.860793	7.349362	3870
4399.860935	7.410927	3871
4400.878674	7.488850	3872
4401.876507	7.419946	3873
4402.896872	7.606839	3874
4403.891486	7.320522	3875
4404.916430	7.647940	3876
4405.906160	7.117823	3877
4406.935387	7.867548	3878
4407.920246	7.125191	3879
4408.954579	8.005110	3880
4409.935116	7.107736	3881
4410.972143	7.809309	3882
4411.949720	7.402591	3883
4412.990287	7.825596	3884
4413.965756	7.394240	3885
4415.007383	7.754167	3886
4415.982349	7.493663	3887
4417.024693	7.490791	3888
4418.000071	8.053910	3889
4419.040635	7.480011	3890
4420.017402	7.731919	3891
4421.056088	7.799736	3892
4422.035780	7.464804	3893
4423.070724	7.863216	3894
4424.055516	7.731338	3895
4425.085310	8.118279	3896
4426.074474	8.068532	3897
4427.099921	7.804395	3898
4428.093882	7.533019	3899
4429.114937	7.586113	3900
4430.112270	7.765335	3901
4431.130248	7.625933	3902
4432.130194	7.665195	3903
4433.146582	7.440752	3904
4434.147207	7.759611	3905
4435.163799	7.549733	3906
4436.163216	7.682067	3907
4437.182118	7.684383	3908
4438.178229	7.970604	3909
4439.199613	7.963058	3910
4440.193355	8.028971	3911
4441.217953	7.951131	3912
4442.208596	8.441982	3913
4443.236135	7.970233	3914
4444.223760	8.353573	3915
4445.255221	7.473956	3916
4446.239179	8.346640	3917
4447.273353	7.614303	3918
4448.254934	7.948738	3919
4449.291268	7.618297	3920
4450.271384	8.165257	3921
4451.308449	8.021334	3922
4452.288207	7.546066	3923
4453.325294	8.367952	3924
4454.305979	7.738526	3925
4455.341282	7.958493	3926
4456.323486	7.162948	3927
4457.357252	7.819809	3928
4458.341759	8.021905	3929
4459.372438	7.388027	3930
4460.360549	7.580107	3931
4461.387807	7.556479	3932
4462.378907	7.802097	3933
4463.402715	7.693779	3934
4464.397177	7.477219	3935
4465.418172	7.537574	3936
4466.415106	7.606550	3937
4467.433615	7.777087	3938
4468.433340	7.310287	3939
4469.449951	7.827674	3940
4470.450363	7.652753	3941
4471.466829	7.851566	3942
4472.467042	7.326864	3943
4473.484520	7.806599	3944
4474.482706	7.661921	3945
4475.502438	8.123959	3946
4476.498161	7.685529	3947
4477.520824	7.541586	3948
4478.512865	7.574501	3949
4479.539336	7.616506	3950
4480.527767	7.501885	3951
4481.557884	7.292526	3952
4482.542806	7.675136	3953
4483.575630	7.795767	3954
4484.558457	7.489182	3955
4485.593392	7.508998	3956
