time (s)	theta (A)	maj axis/z0	min axis/z0	crossing#mod 255
6698.078961	131.629227	0.711907	-0.202023	13
6700.116182	135.462662	0.701867	-0.193458	15
6702.121081	132.819595	0.727463	-0.205468	17
6704.146122	133.705795	0.699409	-0.185218	19
6706.168901	134.600372	0.729456	-0.202288	21
6708.176870	131.531418	0.708204	-0.184230	23
6710.214873	135.379028	0.720035	-0.190133	25
6712.212576	131.107574	0.729976	-0.189977	27
6714.238712	132.131638	0.711242	-0.177902	29
6716.272823	134.791550	0.723334	-0.183624	31
6718.276879	131.813385	0.733166	-0.181802	33
6720.291449	129.210922	0.725493	-0.175293	35
6722.311711	129.484573	0.724128	-0.171969	37
6724.336223	130.558456	0.725881	-0.170987	39
6726.357965	130.334351	0.729244	-0.169496	41
6728.374602	129.833038	0.733517	-0.167505	43
6730.390015	129.325302	0.736071	-0.165102	45
6732.404480	128.973801	0.736963	-0.162887	47
6734.419145	129.396271	0.734533	-0.161379	49
6736.445452	129.780655	0.731358	-0.161603	51
6738.472679	129.596542	0.738924	-0.158573	53
6740.483566	129.489090	0.750069	-0.152997	55
6742.492175	129.868958	0.740380	-0.154247	57
6744.522445	129.321548	0.734652	-0.155992	59
6746.543318	128.906830	0.754264	-0.147854	61
6748.549416	129.616364	0.751990	-0.147529	63
6750.573554	129.255249	0.740259	-0.150862	65
6752.601306	128.628418	0.751961	-0.145457	67
6754.611135	128.823380	0.760268	-0.141436	69
6756.622140	128.904068	0.752108	-0.142274	71
6758.646132	128.862091	0.748072	-0.142051	73
6760.674900	128.896011	0.752380	-0.138679	75
6762.692248	129.273315	0.759010	-0.136513	77
6764.708969	129.361603	0.760800	-0.135279	79
6766.726307	128.705582	0.760403	-0.133524	81
6768.742421	127.996834	0.760831	-0.131434	83
6770.759957	128.012009	0.761232	-0.129549	85
6772.780273	128.666504	0.761439	-0.127835	87
6774.801810	129.522491	0.761509	-0.126543	89
6776.821436	129.795273	0.764663	-0.125923	91
6778.835157	128.863373	0.770977	-0.124791	93
6780.847282	126.994576	0.772795	-0.122543	95
6782.860927	126.037849	0.767044	-0.118490	97
6784.886047	127.529358	0.761204	-0.115435	99
6786.915097	129.467834	0.767145	-0.116833	101
6788.928135	128.652817	0.776740	-0.117882	103
6790.935557	125.982262	0.774443	-0.113968	105
6792.953993	125.439766	0.766484	-0.108949	107
6794.981309	127.446594	0.765185	-0.107404	109
6797.004765	128.440460	0.770850	-0.107925	111
6799.019212	127.716660	0.777098	-0.107280	113
6801.031424	126.447601	0.778741	-0.104611	115
6803.044276	125.642105	0.777449	-0.101816	117
6805.059499	125.543571	0.776686	-0.099588	119
6807.076280	125.753487	0.776703	-0.097821	121
6809.094449	125.882545	0.778025	-0.096011	123
6811.112630	125.884987	0.779990	-0.094552	125
6813.130137	125.945114	0.781332	-0.093005	127
6815.147895	126.146141	0.781995	-0.091475	129
6817.168088	126.348328	0.781160	-0.090337	131
6819.193996	126.507942	0.780978	-0.089702	133
6821.218763	126.399277	0.782425	-0.088728	135
6823.240316	126.088074	0.787142	-0.086559	137
6825.253081	125.729553	0.791574	-0.083675	139
6827.263787	125.513542	0.791482	-0.082107	141
6829.278156	125.631241	0.786630	-0.081792	143
6831.300239	125.645706	0.784026	-0.081683	145
6833.325573	125.415878	0.786344	-0.080258	147
6835.346003	125.362915	0.791378	-0.077810	149
6837.362093	125.483330	0.794299	-0.075978	151
6839.374792	125.347519	0.795388	-0.074606	153
6841.387285	125.223442	0.796642	-0.073132	155
6843.402012	125.118034	0.795665	-0.071930	157
6845.419189	124.996300	0.794786	-0.070202	159
6847.437173	124.808662	0.794424	-0.068182	161
6849.455771	124.675591	0.795525	-0.066786	163
6851.473628	124.538750	0.796642	-0.064936	165
6853.491823	124.371300	0.796311	-0.063115	167
6855.511324	124.371368	0.795437	-0.061407	169
6857.533270	124.595406	0.795009	-0.059575	171
6859.557245	125.105789	0.795646	-0.058495	173
6861.579711	125.713013	0.798809	-0.057354	175
6863.597444	125.966843	0.803107	-0.056801	177
6865.609840	125.433525	0.807090	-0.055417	179
6867.622576	124.419189	0.807489	-0.053332	181
6869.636482	123.642426	0.805407	-0.051347	183
6871.654034	123.563637	0.802505	-0.048884	185
6873.676201	124.181030	0.800718	-0.047691	187
6875.698653	124.750206	0.800864	-0.046905	189
6877.720089	125.056328	0.803695	-0.045917	191
6879.739580	125.081558	0.805786	-0.044617	193
6881.757326	124.959969	0.806819	-0.043046	195
6883.774455	124.781364	0.807332	-0.041946	197
6885.791527	124.609192	0.807370	-0.040186	199
6887.809418	124.461594	0.807702	-0.038777	201
6889.827711	124.353233	0.808742	-0.037552	203
6891.846150	124.274971	0.810188	-0.036076	205
6893.864041	124.158913	0.811453	-0.034741	207
6895.879969	124.017067	0.814126	-0.033241	209
6897.894192	124.028465	0.816040	-0.031600	211
6899.908013	124.089371	0.815431	-0.030337	213
6901.922519	124.223724	0.813580	-0.029013	215
6903.938773	124.296921	0.811939	-0.028469	217
6905.959143	124.233459	0.810759	-0.027550	219
6907.982398	123.985939	0.811857	-0.026003	221
6910.004763	123.766365	0.812543	-0.024471	223
6912.025581	123.621178	0.814016	-0.022661	225
6914.043642	123.667953	0.815038	-0.021410	227
6916.059603	123.636925	0.816206	-0.019771	229
6918.073826	123.697327	0.817232	-0.018621	231
6920.088651	123.691566	0.817664	-0.017672	233
6922.105105	123.684708	0.817982	-0.016544	235
6924.122445	123.674042	0.818072	-0.015397	237
6926.140479	123.686882	0.818247	-0.013793	239
6928.159044	123.737244	0.817332	-0.012432	241
6930.178331	123.820694	0.816849	-0.011173	243
6932.198000	123.952065	0.817011	-0.010170	245
6934.217829	124.077797	0.818473	-0.009174	247
6936.236873	124.138580	0.820427	-0.007979	249
6938.253793	124.075089	0.822308	-0.006696	251
6940.269239	123.924896	0.824773	-0.005739	253
6942.282779	123.623863	0.825795	-0.004748	255
6944.296525	123.363510	0.825581	-0.003136	1
6946.311815	123.097710	0.824050	-0.001222	3
6948.330556	123.113396	0.823151	0.000511	5
6950.351197	123.233780	0.821255	0.001865	7
6952.373039	123.329926	0.820576	0.002931	9
6954.393256	123.479050	0.822066	0.004034	11
6956.412909	123.565681	0.823298	0.004986	13
6958.431294	123.548683	0.824101	0.005987	15
6960.448975	123.473434	0.825105	0.007247	17
6962.466016	123.391296	0.825430	0.008331	19
6964.483066	123.362122	0.825867	0.009667	21
6966.499501	123.277367	0.825030	0.010983	23
6968.515623	123.255272	0.825833	0.012103	25
6970.531687	123.315811	0.827331	0.013307	27
6972.547431	123.499405	0.828114	0.014038	29
6974.563123	123.731667	0.828021	0.015423	31
6976.578765	123.930130	0.826506	0.016425	33
6978.595547	124.051445	0.826425	0.017066	35
6980.614154	123.964615	0.826074	0.017803	37
6982.635104	123.761429	0.825727	0.018879	39
6984.656563	123.501945	0.825815	0.020061	41
6986.678065	123.217926	0.826839	0.021529	43
6988.698152	123.098824	0.828059	0.022586	45
6990.717082	123.012482	0.828256	0.023762	47
6992.734035	123.041954	0.828918	0.024782	49
6994.750504	123.062904	0.829832	0.025941	51
6996.767076	123.117630	0.830310	0.027121	53
6998.784122	123.147491	0.830558	0.028204	55
7000.801395	123.228867	0.829830	0.029001	57
