crossing time (s)	slope (V/s)	crossing number
6697.056019	8.211293	6156
6698.079026	7.919875	6157
6699.077437	7.941338	6158
6700.116178	7.390620	6159
6701.084213	8.525805	6160
6702.121078	7.238059	6161
6703.119198	7.048532	6162
6704.146371	7.365404	6163
6705.116188	10.052856	6164
6706.168857	6.321041	6165
6707.154384	7.519026	6166
6708.176624	7.187692	6167
6709.159896	9.689455	6168
6710.214903	7.285019	6169
6711.183282	8.967528	6170
6712.212749	6.859503	6171
6713.215225	6.376723	6172
6714.238711	7.672058	6173
6715.212524	9.799728	6174
6716.273504	8.058161	6175
6717.238527	8.526372	6176
6718.276361	6.907296	6177
6719.272239	5.830038	6178
6720.291467	7.400247	6179
6721.297403	6.982468	6180
6722.313209	8.903481	6181
6723.307842	7.907006	6182
6724.338948	10.025456	6183
6725.325048	7.108631	6184
6726.361237	12.468859	6185
6727.351204	9.373572	6186
6728.374433	11.902395	6187
6729.368331	10.383484	6188
6730.390681	10.915362	6189
6731.392412	9.710623	6190
6732.405014	10.608901	6191
6733.414369	11.110612	6192
6734.419106	11.332303	6193
6735.424973	10.988066	6194
6736.447055	10.538434	6195
6737.434584	9.966305	6196
6738.474288	12.199768	6197
6739.448975	11.540132	6198
6740.484203	10.947402	6199
6741.482244	11.211502	6200
6742.493642	11.623034	6201
6743.497753	11.377331	6202
6744.522902	11.184786	6203
6745.506222	11.203266	6204
6746.543994	10.700243	6205
6747.530623	10.713038	6206
6748.550192	10.811909	6207
6749.557473	11.679999	6208
6750.574848	11.211928	6209
6751.564303	10.544896	6210
6752.602263	11.195108	6211
6753.581317	11.538803	6212
6754.611675	10.429773	6213
6755.613936	11.224528	6214
6756.623888	11.390819	6215
6757.628620	11.597127	6216
6758.646932	10.627541	6217
6759.639625	10.049789	6218
6760.677605	12.027169	6219
6761.652318	11.801846	6220
6762.692941	11.517445	6221
6763.666265	11.911971	6222
6764.709547	9.574713	6223
6765.689050	9.114391	6224
6766.730206	11.367050	6225
6767.715981	8.228544	6226
6768.744554	12.826058	6227
6769.738262	10.095882	6228
6770.760213	12.500847	6229
6771.750408	10.031885	6230
6772.780672	10.863597	6231
6773.761080	9.989241	6232
6774.802524	10.564504	6233
6775.773349	10.800040	6234
6776.821084	10.626567	6235
6777.797077	10.986523	6236
6778.833702	11.841452	6237
6779.823381	10.928547	6238
6780.849194	11.109553	6239
6781.850978	9.969808	6240
6782.862691	10.346492	6241
6783.863743	10.734181	6242
6784.888230	11.299841	6243
6785.871921	10.640843	6244
6786.918045	11.965622	6245
6787.885867	9.694873	6246
6788.930938	10.342113	6247
6789.913515	10.106103	6248
6790.937341	11.216061	6249
6791.946301	10.267928	6250
6792.956629	11.252358	6251
6793.953328	8.878079	6252
6794.983955	12.308785	6253
6795.963876	8.752234	6254
6797.006179	12.393112	6255
6797.983186	10.796581	6256
6799.021773	12.721467	6257
6800.007495	11.325567	6258
6801.034281	13.458314	6259
6802.033955	12.000200	6260
6803.046151	12.415608	6261
6804.051599	12.378929	6262
6805.061250	11.565954	6263
6806.066436	11.818145	6264
6807.075990	11.564433	6265
6808.080670	12.353616	6266
6809.094057	11.518735	6267
6810.099048	11.869631	6268
6811.112131	11.170651	6269
6812.118392	12.097594	6270
6813.129449	11.420147	6271
6814.136956	11.909605	6272
6815.146259	10.903157	6273
6816.151491	10.995519	6274
6817.166072	9.981203	6275
6818.167961	10.165670	6276
6819.194141	9.330761	6277
6820.178619	11.054244	6278
6821.219614	10.234407	6279
6822.193008	11.246962	6280
6823.243752	10.966968	6281
6824.214225	9.746585	6282
6825.254704	11.408646	6283
6826.247710	9.187904	6284
6827.267564	12.821831	6285
6828.275894	11.373344	6286
6829.281667	12.224466	6287
6830.289833	12.023172	6288
6831.304834	12.997898	6289
6832.300129	12.033850	6290
6833.327377	13.992783	6291
6834.314967	12.758504	6292
6835.345416	14.912439	6293
6836.325806	12.879199	6294
6837.364175	13.767145	6295
6838.347958	12.772917	6296
6839.376887	13.523956	6297
6840.372401	12.982514	6298
6841.387520	13.485328	6299
6842.391235	13.742923	6300
6843.401778	13.369889	6301
6844.409377	13.102193	6302
6845.419275	12.509668	6303
6846.427241	12.357906	6304
6847.436861	11.952614	6305
6848.447099	12.187880	6306
6849.457112	11.855745	6307
6850.463358	12.141078	6308
6851.475214	11.948362	6309
6852.481986	12.460475	6310
6853.493283	11.823109	6311
6854.496958	12.910528	6312
6855.511394	11.783972	6313
6856.515159	13.725529	6314
6857.534631	12.160006	6315
6858.529668	13.613843	6316
6859.561735	12.672725	6317
6860.544324	12.277090	6318
6861.584326	12.496583	6319
6862.556449	11.737010	6320
6863.598980	11.738806	6321
6864.574642	12.525561	6322
6865.610813	13.558298	6323
6866.602494	12.766515	6324
6867.625893	14.221040	6325
6868.628885	12.878892	6326
6869.639811	13.464169	6327
6870.648133	12.022653	6328
6871.655822	12.453778	6329
6872.659444	12.201473	6330
6873.678808	13.696736	6331
6874.672011	13.377008	6332
6875.699393	14.598277	6333
6876.689023	13.668145	6334
6877.719968	14.434759	6335
6878.703571	13.161137	6336
6879.738624	13.645167	6337
6880.719931	13.109944	6338
6881.758114	13.153048	6339
6882.735751	12.910414	6340
6883.775011	12.771549	6341
6884.753338	12.946523	6342
6885.791641	12.532085	6343
6886.773217	13.032713	6344
6887.808882	12.526668	6345
6888.788912	13.151635	6346
6889.827862	12.504602	6347
6890.806248	13.211981	6348
6891.845630	12.145709	6349
6892.821110	13.094073	6350
6893.864336	11.738007	6351
6894.839236	12.951156	6352
6895.879635	11.907856	6353
6896.860265	11.946674	6354
6897.893652	12.626220	6355
6898.883363	11.021485	6356
6899.908590	12.989812	6357
6900.909893	10.739996	6358
6901.925522	12.447975	6359
6902.931949	11.448551	6360
6903.939683	12.061139	6361
6904.948815	11.481039	6362
6905.960848	11.753284	6363
6906.963123	11.645975	6364
6907.985319	13.300456	6365
6908.977466	11.589896	6366
6910.008204	14.950625	6367
6910.990886	11.694964	6368
6912.027380	15.036089	6369
6913.004310	11.885413	6370
6914.047376	13.922198	6371
6915.022729	12.043509	6372
6916.062491	12.607628	6373
6917.044002	11.887520	6374
6918.074504	12.215343	6375
6919.063951	11.817651	6376
6920.088470	12.771140	6377
6921.083961	11.362412	6378
6922.105835	13.538789	6379
6923.102959	10.807979	6380
6924.123595	14.018912	6381
6925.120357	11.048199	6382
6926.140688	14.390724	6383
6927.135000	11.328316	6384
6928.158079	14.218274	6385
6929.148323	12.357393	6386
6930.176923	13.834839	6387
6931.162450	13.278715	6388
6932.195197	13.415954	6389
6933.178603	14.652006	6390
6934.215850	12.698528	6391
6935.194639	14.734426	6392
6936.235677	12.906103	6393
6937.213383	14.564606	6394
6938.252928	13.315910	6395
6939.235582	13.816817	6396
6940.271612	13.641550	6397
6941.258531	13.092326	6398
6942.284108	13.402569	6399
6943.283334	12.546221	6400
6944.298462	12.607824	6401
6945.303523	12.416645	6402
6946.313265	12.462979	6403
6947.322299	12.669585	6404
6948.332037	11.866547	6405
6949.336956	13.272634	6406
6950.353267	12.354727	6407
6951.353067	14.140720	6408
6952.377902	12.868679	6409
6953.368416	13.790172	6410
6954.396927	12.864164	6411
6955.385089	13.401076	6412
6956.416959	12.960587	6413
6957.399433	12.651687	6414
6958.433358	12.256887	6415
6959.415418	12.043812	6416
6960.449549	12.129825	6417
6961.430313	11.686284	6418
6962.465783	11.922943	6419
6963.446797	11.907417	6420
6964.482605	12.063848	6421
6965.462262	11.870022	6422
6966.498408	12.601803	6423
6967.479529	12.181745	6424
6968.515435	13.625525	6425
6969.499647	11.937668	6426
6970.531954	14.174071	6427
6971.521615	12.003275	6428
6972.549183	15.014626	6429
6973.545104	12.055147	6430
6974.564980	14.393998	6431
6975.567310	12.398805	6432
6976.581113	13.612474	6433
6977.586752	12.379276	6434
6978.597470	12.238871	6435
6979.601989	11.879684	6436
6980.615885	12.122950	6437
6981.620062	11.813151	6438
6982.637657	12.470025	6439
6983.632699	12.204408	6440
6984.660117	13.685063	6441
6985.646803	12.630494	6442
6986.681425	13.993596	6443
6987.661947	13.190734	6444
6988.700484	13.678121	6445
6989.677658	12.562894	6446
6990.720036	12.977702	6447
6991.694423	12.376967	6448
6992.733828	11.945333	6449
6993.710256	12.081490	6450
6994.750106	12.095508	6451
6995.726445	12.365242	6452
6996.766025	12.114583	6453
6997.742050	12.730837	6454
6998.783180	12.783676	6455
6999.758106	13.926168	6456
7000.800831	12.777101	6457
7001.777059	14.913046	6458
