time (s)	energy (uJ)	charge (mC)	voltage (mV)	crossing#mod 255
6697.408067	19.642565	12.583900	1.560928	12
6698.412698	21.377539	12.585205	1.698625	13
6699.415607	18.552574	12.565802	1.476434	14
6700.469265	20.715744	12.587014	1.645803	15
6701.419825	19.135244	12.560224	1.523480	16
6702.469142	22.624119	12.581475	1.798209	17
6703.458770	18.861084	12.566056	1.500955	18
6704.484333	21.527765	12.585425	1.710531	19
6705.452651	18.527571	12.589039	1.471723	20
6706.519571	20.539108	12.581163	1.632529	21
6707.494373	18.282255	12.574992	1.453858	22
6708.525546	23.733971	12.585320	1.885846	23
6709.510477	18.749557	12.575903	1.490911	24
6710.568452	20.745796	12.576153	1.649614	25
6711.522058	19.962477	12.578219	1.587067	26
6712.559072	23.097471	12.578259	1.836301	27
6713.554058	19.993511	12.560600	1.591764	28
6714.590682	23.639034	12.565772	1.881224	29
6715.549595	18.954664	12.566406	1.508360	30
6716.625997	19.769182	12.572187	1.572454	31
6717.589875	20.788061	12.579588	1.652523	32
6718.624774	21.997028	12.581973	1.748297	33
6719.610048	18.907459	12.582066	1.502731	34
6720.641538	22.509476	12.583168	1.788856	35
6721.636500	19.812458	12.575532	1.575477	36
6722.662912	23.792324	12.565357	1.893486	37
6723.656104	21.680109	12.582771	1.723000	38
6724.686603	18.605310	12.556683	1.481706	39
6725.661770	16.321655	12.565022	1.298976	40
6726.695374	14.118175	12.572629	1.122929	41
6727.697969	15.707848	12.568648	1.249764	42
6728.710943	16.627686	12.554955	1.324392	43
6729.716706	15.926426	12.579170	1.266095	44
6730.726418	19.368872	12.590789	1.538337	45
6731.741727	17.980232	12.569310	1.430487	46
6732.740551	18.577503	12.563525	1.478686	47
6733.749000	16.378712	12.529093	1.307255	48
6734.768649	20.770267	12.554420	1.654419	49
6735.759865	18.629015	12.555838	1.483694	50
6736.797209	20.755299	12.591187	1.648399	51
6737.768730	19.473804	12.582070	1.547742	52
6738.811452	15.375299	12.580268	1.222176	53
6739.798511	18.894194	12.582330	1.501645	54
6740.819065	19.515303	12.569142	1.552636	55
6741.819741	16.263235	12.547353	1.296149	56
6742.827549	19.668509	12.577715	1.563759	57
6743.845931	21.165384	12.590777	1.681023	58
6744.861372	17.363819	12.547998	1.383792	59
6745.839605	17.664238	12.539053	1.408738	60
6746.880607	19.980495	12.571984	1.589288	61
6747.881977	20.194975	12.576590	1.605759	62
6748.883968	20.404854	12.555829	1.625130	63
6749.906941	20.134907	12.553433	1.603936	64
6750.911045	20.313137	12.584010	1.614202	65
6751.897226	20.595257	12.519937	1.644997	66
6752.952822	19.346355	12.560358	1.540271	67
6753.916813	18.746315	12.556873	1.492913	68
6754.959820	23.320702	12.547850	1.858542	69
6755.951067	16.406576	12.522978	1.310118	70
6756.971527	21.632427	12.581710	1.719355	71
6757.963268	19.908358	12.579197	1.582641	72
6758.984760	20.079689	12.555177	1.599316	73
6759.974624	19.666660	12.558275	1.566032	74
6761.013782	13.518649	12.532376	1.078698	75
6761.999944	19.482365	12.586823	1.547838	76
6763.029716	16.742535	12.557814	1.333236	77
6764.016638	19.716463	12.569124	1.568643	78
6765.046484	16.867857	12.580545	1.340789	79
6766.026369	19.135468	12.565633	1.522842	80
6767.075804	17.786596	12.549435	1.417323	81
6768.054789	14.395384	12.567750	1.145423	82
6769.092084	16.210192	12.564319	1.290177	83
6770.073794	13.093925	12.563445	1.042224	84
6771.096611	16.138657	12.554063	1.285532	85
6772.086322	14.373915	12.564463	1.144014	86
6773.117628	19.272205	12.580571	1.531902	87
6774.111237	15.739765	12.554049	1.253760	88
6775.139424	20.454227	12.548509	1.630013	89
6776.124388	15.707547	12.558783	1.250722	90
6777.158696	20.821722	12.551674	1.658880	91
6778.148318	17.240551	12.551563	1.373578	92
6779.171851	18.647163	12.548284	1.486033	93
6780.174262	19.892235	12.547459	1.585360	94
6781.183625	17.383272	12.549125	1.385218	95
6782.200884	19.948736	12.553214	1.589134	96
6783.196996	20.449579	12.549562	1.629506	97
6784.199668	17.933678	12.565336	1.427234	98
6785.236957	18.232727	12.558968	1.451770	99
6786.207479	17.577477	12.522197	1.403706	100
6787.267026	15.553124	12.569835	1.237337	101
6788.222983	18.971262	12.568926	1.509378	102
6789.264688	14.346737	12.559573	1.142295	103
6790.252622	14.875086	12.569136	1.183461	104
6791.270455	15.442022	12.577167	1.227782	105
6792.283774	13.924681	12.564867	1.108224	106
6793.304622	18.548996	12.579009	1.474599	107
6794.289013	15.816741	12.552288	1.260068	108
6795.319892	15.142343	12.527212	1.208756	109
6796.311583	16.413904	12.565320	1.306286	110
6797.355921	17.787153	12.569581	1.415095	111
6798.332406	17.517544	12.556470	1.395101	112
6799.368596	16.676447	12.565297	1.327183	113
6800.355817	17.381039	12.543878	1.385619	114
6801.367361	14.371738	12.564254	1.143859	115
6802.368238	14.978779	12.569299	1.191696	116
6803.393564	18.553278	12.564500	1.476643	117
6804.386939	17.074100	12.552579	1.360207	118
6805.409252	19.786585	12.561049	1.575233	119
6806.403891	17.331984	12.547911	1.381265	120
6807.426571	19.814672	12.576380	1.575547	121
6808.419281	17.837395	12.555820	1.420648	122
6809.432234	18.922661	12.532002	1.509947	123
6810.451434	17.860672	12.570998	1.420784	124
6811.449040	19.130131	12.542872	1.525180	125
6812.456867	17.382925	12.554308	1.384618	126
6813.466867	18.862551	12.567780	1.500866	127
6814.488627	16.888346	12.579766	1.342501	128
6815.485294	18.527884	12.508180	1.481261	129
6816.504335	16.576218	12.560175	1.319744	130
6817.504790	18.123604	12.538473	1.445439	131
6818.519055	16.980907	12.576620	1.350196	132
6819.532654	16.511564	12.559307	1.314687	133
6820.517272	17.072208	12.570999	1.358063	134
6821.569995	16.841072	12.552301	1.341672	135
6822.530488	17.800125	12.519529	1.421789	136
6823.578416	15.261694	12.550688	1.216005	137
6824.565795	18.370167	12.579614	1.460313	138
6825.589510	16.843018	12.554322	1.341611	139
6826.597916	16.077980	12.574170	1.278651	140
6827.599422	15.146054	12.544833	1.207354	141
6828.622285	14.369809	12.549178	1.145080	142
6829.614711	14.889256	12.541557	1.187194	143
6830.635540	16.789434	12.557589	1.336995	144
6831.637282	15.464170	12.556753	1.231542	145
6832.646125	17.539106	12.563311	1.396058	146
6833.663863	12.055101	12.551841	0.960425	147
6834.645238	13.332417	12.560612	1.061447	148
6835.695899	14.184333	12.570316	1.128399	149
6836.659804	13.594990	12.550918	1.083187	150
6837.711846	15.793370	12.541741	1.259265	151
6838.683204	14.472666	12.553163	1.152910	152
6839.724039	16.274370	12.553872	1.296363	153
6840.708345	12.173966	12.567302	0.968702	154
6841.736197	15.740417	12.570449	1.252176	155
6842.741085	14.488785	12.559979	1.153568	156
6843.750938	16.118553	12.555283	1.283807	157
6844.746980	13.624646	12.515546	1.088618	158
6845.756353	14.807795	12.547866	1.180105	159
6846.778422	16.057196	12.563704	1.278062	160
6847.786847	17.297232	12.561007	1.377058	161
6848.796663	16.679300	12.549695	1.329060	162
6849.793185	16.649088	12.552531	1.326353	163
6850.813924	16.786293	12.538137	1.338819	164
6851.810959	17.024591	12.550495	1.356488	165
6852.818824	16.245453	12.546695	1.294799	166
6853.842438	18.060518	12.552736	1.438771	167
6854.835069	16.013115	12.547164	1.276234	168
6855.861248	18.402996	12.575619	1.463387	169
6856.850863	15.199402	12.524869	1.213538	170
6857.884149	16.947090	12.567685	1.348466	171
6858.865581	15.025901	12.539594	1.198277	172
6859.894741	13.280254	12.571585	1.056371	173
6860.893082	17.253946	12.567039	1.372953	174
6861.918155	13.175432	12.560488	1.048959	175
6862.892168	16.665855	12.550002	1.327956	176
6863.934774	14.547974	12.551607	1.159053	177
6864.925187	17.143370	12.544368	1.366619	178
6865.945782	14.616597	12.560031	1.163739	179
6866.951227	14.980958	12.564328	1.192341	180
6867.958944	12.670026	12.542270	1.010186	181
6868.963224	13.171472	12.552090	1.049345	182
6869.986369	16.287374	12.576049	1.295111	183
6870.983174	13.131251	12.530353	1.047956	184
6871.990632	15.152708	12.549191	1.207465	185
6872.993758	14.446525	12.557142	1.150463	186
6874.013685	13.144431	12.548407	1.047498	187
6875.019831	14.989459	12.577279	1.191789	188
6876.035877	11.332927	12.522811	0.904983	189
6877.035018	14.462190	12.560582	1.151395	190
6878.057588	12.391972	12.539636	0.988224	191
6879.037088	13.097804	12.547961	1.043819	192
6880.077446	13.273520	12.550190	1.057635	193
6881.067118	15.468191	12.559315	1.231611	194
6882.107374	15.626960	12.550520	1.245125	195
6883.085856	15.152922	12.575922	1.204915	196
6884.110961	14.368416	12.539704	1.145834	197
6885.104150	15.672504	12.559977	1.247813	198
6886.128162	14.706305	12.523176	1.174327	199
6887.122426	15.721915	12.568425	1.250906	200
6888.159626	16.201689	12.559167	1.290029	201
6889.139712	15.501806	12.549652	1.235238	202
6890.165029	14.521015	12.537147	1.158239	203
6891.157010	14.758556	12.563057	1.174758	204
6892.196243	17.567289	12.564605	1.398157	205
6893.172689	14.586509	12.544594	1.162773	206
6894.200525	17.363499	12.541266	1.384509	207
6895.191568	14.416538	12.549026	1.148817	208
6896.217106	16.878473	12.523043	1.347793	209
6897.199886	13.735982	12.540655	1.095316	210
6898.243034	17.252895	12.535346	1.376340	211
6899.222817	14.655955	12.557405	1.167117	212
6900.257791	15.985826	12.547813	1.273993	213
6901.247393	13.290343	12.537644	1.060035	214
6902.271972	16.802856	12.551030	1.338763	215
6903.280670	16.429213	12.578104	1.306176	216
6904.275761	16.132669	12.539744	1.286523	217
6905.297407	17.751837	12.554261	1.414009	218
6906.296405	16.266384	12.531855	1.298003	219
6907.310989	17.345970	12.538561	1.383410	220
6908.334076	15.451492	12.549504	1.231243	221
6909.310147	13.493324	12.551597	1.075029	222
6910.355499	13.531063	12.568008	1.076628	223
6911.324877	12.735749	12.523827	1.016922	224
6912.376273	13.531075	12.543783	1.078708	225
6913.339000	14.485690	12.548790	1.154350	226
6914.380511	11.703391	12.540675	0.933235	227
6915.358674	14.892179	12.540186	1.187557	228
6916.396291	13.878654	12.558846	1.105090	229
6917.392993	15.957638	12.551442	1.271379	230
6918.423471	17.268978	12.558953	1.375033	231
6919.413763	15.869000	12.542752	1.265193	232
6920.424945	14.943927	12.511045	1.194459	233
6921.432636	15.069620	12.567661	1.199079	234
6922.442006	14.646498	12.551707	1.166893	235
6923.450843	14.443563	12.566716	1.149351	236
6924.459184	14.449697	12.557065	1.150723	237
6925.468690	13.832932	12.546934	1.102495	238
6926.477804	14.241064	12.552670	1.134505	239
6927.483938	13.334160	12.569320	1.060850	240
6928.495086	14.883703	12.559450	1.185060	241
6929.485491	12.402892	12.540265	0.989046	242
6930.528302	15.439628	12.541744	1.231059	243
6931.501380	11.452983	12.545261	0.912933	244
6932.548128	15.445264	12.551582	1.230543	245
6933.517124	11.295053	12.546252	0.900273	246
6934.568448	16.070337	12.552650	1.280235	247
6935.534112	10.895904	12.543276	0.868665	248
6936.573930	15.009801	12.555877	1.195440	249
6937.552809	11.268842	12.537515	0.898810	250
6938.603974	15.589447	12.550635	1.242124	251
6939.573771	12.605348	12.547289	1.004627	252
6940.606099	13.636522	12.568091	1.085011	253
6941.609464	15.004614	12.543302	1.196225	254
6942.619921	13.757035	12.553770	1.095849	255
6943.618669	14.203773	12.530892	1.133501	0
6944.631671	14.998203	12.545215	1.195532	1
6945.639220	15.780200	12.546164	1.257771	2
6946.648590	15.808792	12.579136	1.256747	3
6947.657560	16.031443	12.514948	1.280984	4
6948.680592	16.740002	12.559004	1.332909	5
6949.686374	15.929543	12.549334	1.269354	6
6950.688368	14.152533	12.527527	1.129715	7
6951.701516	14.502428	12.561987	1.154469	8
6952.709762	12.243278	12.539898	0.976346	9
6953.716262	14.979205	12.537113	1.194789	10
6954.730828	11.798423	12.501685	0.943747	11
6955.719190	14.043829	12.548809	1.119136	12
6956.750765	12.483472	12.505424	0.998245	13
6957.734307	15.242028	12.509446	1.218442	14
6958.767993	14.451614	12.568170	1.149858	15
6959.751507	15.712232	12.546479	1.252322	16
6960.799220	17.385757	12.548789	1.385453	17
6961.767647	15.696527	12.541430	1.251574	18
6962.816535	17.774515	12.553791	1.415868	19
6963.785851	14.946535	12.556247	1.190367	20
6964.832797	18.472824	12.561699	1.470567	21
6965.801436	13.986444	12.540551	1.115297	22
6966.850070	17.876331	12.565734	1.422625	23
6967.820100	13.482030	12.534328	1.075608	24
6968.865255	16.548897	12.536669	1.320040	25
6969.840106	12.601772	12.531289	1.005625	26
6970.881508	15.443139	12.533164	1.232182	27
6971.861239	13.177593	12.559210	1.049237	28
6972.897342	14.827806	12.545529	1.181920	29
6973.882929	13.331893	12.537947	1.063323	30
6974.913078	15.494703	12.569565	1.232716	31
6975.903803	14.042730	12.552473	1.118722	32
6976.928194	16.768494	12.544164	1.336757	33
6977.922716	16.113714	12.541827	1.284798	34
6978.946120	17.603333	12.557647	1.401802	35
6979.939149	16.732660	12.541141	1.334222	36
6980.964309	17.349110	12.532829	1.384293	37
6981.954405	15.539915	12.554627	1.237784	38
6982.972714	15.350700	12.543166	1.223830	39
6983.982063	14.569859	12.568878	1.159201	40
6984.994099	13.330507	12.556864	1.061611	41
6985.996312	14.343843	12.541420	1.143718	42
6987.015458	11.593508	12.547528	0.923968	43
6988.011522	15.063760	12.569337	1.198453	44
6989.035921	12.266847	12.537621	0.978403	45
6990.027226	15.906034	12.545735	1.267844	46
6991.053701	13.806139	12.564064	1.098859	47
6992.031179	14.786751	12.533801	1.179750	48
6993.070532	15.980598	12.572039	1.271122	49
6994.060907	14.922366	12.571679	1.186983	50
6995.086776	17.176786	12.560058	1.367572	51
6996.079432	14.077716	12.529594	1.123557	52
6997.104360	17.945980	12.517458	1.433676	53
6998.082878	12.766750	12.539470	1.018125	54
6999.120991	17.636951	12.546961	1.405675	55
7000.114174	11.912360	12.567128	0.947898	56
7001.137682	16.779150	12.545180	1.337498	57
7002.132468	11.226352	12.535107	0.895593	58
