crossing time (s)	slope (V/s)	crossing number
3401.191264	5.158995	2887
3402.166380	7.974842	2888
3403.202148	6.549793	2889
3404.186903	8.528234	2890
3405.218408	6.782946	2891
3406.204878	8.776580	2892
3407.237630	5.944659	2893
3408.224063	7.714646	2894
3409.257939	5.422560	2895
3410.245326	6.842094	2896
3411.277749	6.414271	2897
3412.265154	6.771563	2898
3413.294833	7.234201	2899
3414.281639	7.566566	2900
3415.310481	7.060103	2901
3416.297751	7.506766	2902
3417.329423	6.266825	2903
3418.316217	6.730769	2904
3419.349454	6.089442	2905
3420.334586	6.228429	2906
3421.366881	6.279747	2907
3422.351181	7.344643	2908
3423.384033	6.592392	2909
3424.367523	7.827952	2910
3425.401392	6.954190	2911
3426.383463	8.938714	2912
3427.420383	6.982575	2913
3428.400262	9.133705	2914
3429.440920	7.413712	2915
3430.417636	9.737061	2916
3431.461349	8.034359	2917
3432.437798	9.445337	2918
3433.482569	9.376017	2919
3434.454677	9.390908	2920
3435.503784	10.206262	2921
3436.472240	8.294612	2922
3437.524347	10.510354	2923
3438.488533	7.955726	2924
3439.544573	9.954258	2925
3440.501859	7.292316	2926
3441.564841	9.380819	2927
3442.517570	6.731819	2928
3443.586022	8.947255	2929
3444.533845	6.668732	2930
3445.603887	8.489567	2931
3446.550020	7.137527	2932
3447.620792	8.493833	2933
3448.567207	8.546273	2934
3449.638195	8.190697	2935
3450.584224	8.932014	2936
3451.655686	8.388207	2937
3452.602063	8.923987	2938
3453.672617	8.718631	2939
3454.621385	8.773207	2940
3455.689635	8.555732	2941
3456.642484	8.709067	2942
3457.704166	9.282284	2943
3458.663536	8.636981	2944
3459.719184	9.291387	2945
3460.683290	9.032683	2946
3461.736595	9.740106	2947
3462.705897	9.052624	2948
3463.750175	10.260192	2949
3464.727641	10.005398	2950
3465.765179	10.672302	2951
3466.749310	10.520690	2952
3467.781173	10.656849	2953
3468.767720	11.075821	2954
3469.797966	10.729313	2955
3470.786708	10.576178	2956
3471.815021	10.770605	2957
3472.805990	10.562128	2958
3473.834462	10.514563	2959
3474.823616	10.571535	2960
3475.851094	10.333880	2961
3476.843179	10.103533	2962
3477.869138	10.374245	2963
3478.859637	9.292691	2964
3479.888813	9.841272	2965
3480.877474	9.492936	2966
3481.906381	10.365944	2967
3482.894859	9.169671	2968
3483.923195	9.367524	2969
3484.910106	10.035882	2970
3485.941055	9.616059	2971
3486.927155	10.466778	2972
3487.958110	9.720784	2973
3488.944042	11.445451	2974
3489.975292	10.337682	2975
3490.960719	12.412719	2976
3491.992995	11.001680	2977
3492.981090	13.120036	2978
3494.010444	11.859460	2979
3494.998168	13.423168	2980
3496.031902	11.889556	2981
3497.015188	14.062161	2982
3498.051489	12.828038	2983
3499.035459	13.801804	2984
3500.074599	13.461073	2985
3501.054726	13.453427	2986
3502.095327	13.718437	2987
3503.073402	12.791611	2988
3504.117235	14.116635	2989
3505.088802	11.905530	2990
3506.136717	13.490627	2991
3507.104469	10.740827	2992
3508.155489	13.163586	2993
3509.119613	10.186115	2994
3510.173931	12.324249	2995
3511.135297	9.628804	2996
3512.190000	12.026001	2997
3513.150280	9.974644	2998
3514.208488	12.088878	2999
3515.166462	10.455414	3000
3516.224734	12.386390	3001
3517.183462	11.040934	3002
3518.242140	12.637243	3003
3519.202771	11.594288	3004
3520.258324	12.583164	3005
3521.220974	11.636145	3006
3522.276988	13.476738	3007
3523.241903	11.944303	3008
3524.291798	13.862269	3009
3525.262872	12.114354	3010
3526.308744	14.274588	3011
3527.283874	12.925401	3012
3528.323801	14.415733	3013
3529.305471	13.218348	3014
3530.342033	14.713306	3015
3531.324585	13.852100	3016
3532.357176	14.983096	3017
3533.344276	14.095298	3018
3534.373787	15.071978	3019
3535.363053	14.329462	3020
3536.388811	14.981845	3021
3537.381585	14.548093	3022
3538.408627	14.904886	3023
3539.399803	13.945933	3024
3540.426239	14.843284	3025
3541.418757	14.137015	3026
3542.445960	15.053441	3027
3543.435913	13.450162	3028
3544.455776	14.211196	3029
3545.452203	13.739668	3030
3546.479691	14.232909	3031
3547.470443	13.376930	3032
3548.495994	14.045516	3033
3549.486712	14.073517	3034
3550.513369	13.948154	3035
3551.504019	14.355136	3036
3552.530357	13.842124	3037
3553.520825	15.105069	3038
3554.547582	14.427796	3039
3555.538942	15.565729	3040
3556.565093	14.721031	3041
3557.555107	16.668438	3042
3558.582423	15.575692	3043
3559.573246	17.229338	3044
3560.604053	16.290238	3045
3561.591410	17.690367	3046
3562.622326	16.816182	3047
3563.611419	18.222727	3048
3564.642000	17.251481	3049
3565.627971	17.873677	3050
3566.662953	17.578781	3051
3567.648546	17.500677	3052
3568.684373	17.747827	3053
3569.665352	16.890909	3054
3570.703218	17.574953	3055
3571.682554	16.350452	3056
3572.724400	17.442218	3057
3573.699399	15.524327	3058
3574.743112	17.130610	3059
3575.715655	14.936624	3060
3576.760483	16.913692	3061
3577.731501	14.103257	3062
3578.777823	16.513959	3063
3579.747111	14.479222	3064
3580.794818	16.489928	3065
3581.762226	14.700302	3066
3582.813087	16.346794	3067
3583.779270	15.073709	3068
3584.827817	16.578317	3069
3585.799562	15.602124	3070
3586.846147	17.107380	3071
3587.818995	15.781987	3072
3588.859606	17.678115	3073
3589.838071	16.113294	3074
3590.876108	18.170411	3075
3591.859561	16.647127	3076
3592.894067	18.543075	3077
3593.877469	16.949962	3078
3594.911117	18.857428	3079
3595.897298	17.335866	3080
3596.926849	19.255951	3081
3597.915784	17.730117	3082
3598.942886	19.401324	3083
3599.933791	18.667404	3084
3600.958694	19.524059	3085
3601.953970	18.436248	3086
3602.978990	19.464515	3087
3603.972502	18.312429	3088
3604.995885	19.357032	3089
3605.991313	17.951318	3090
3607.013973	19.218272	3091
3608.009496	17.660490	3092
3609.031630	18.933770	3093
3610.025995	17.519149	3094
3611.048983	18.842682	3095
3612.042230	17.572961	3096
3613.065971	18.339047	3097
3614.060769	17.677295	3098
3615.079240	18.568662	3099
3616.074743	18.864616	3100
3617.099303	18.277897	3101
3618.093648	18.600913	3102
3619.116787	18.741851	3103
3620.111859	19.127878	3104
3621.134327	19.195065	3105
3622.128323	19.833528	3106
3623.151559	19.471592	3107
3624.144081	20.771553	3108
3625.168985	20.185689	3109
3626.162627	21.113240	3110
3627.191597	20.492266	3111
3628.181581	21.584656	3112
3629.207437	21.138690	3113
3630.196821	21.750221	3114
3631.228454	21.423273	3115
3632.217829	21.902569	3116
3633.247789	21.341011	3117
3634.234326	21.285633	3118
3635.269359	22.054872	3119
3636.251902	21.160960	3120
3637.287813	21.852414	3121
3638.270623	20.520197	3122
3639.308452	21.484760	3123
3640.287446	19.756959	3124
3641.327243	21.166651	3125
3642.303930	18.992166	3126
3643.345093	20.662686	3127
3644.318501	18.887209	3128
3645.361438	20.490292	3129
3646.335632	18.631612	3130
3647.378250	20.461430	3131
3648.352987	18.897554	3132
3649.394884	20.623548	3133
3650.371404	19.045102	3134
3651.412270	21.232900	3135
3652.389703	19.166479	3136
3653.427347	21.271635	3137
3654.407665	19.772532	3138
3655.444474	21.267989	3139
3656.427603	20.107979	3140
3657.460733	21.912856	3141
3658.447224	20.765874	3142
3659.476040	22.396298	3143
3660.467120	21.072590	3144
3661.492316	22.779086	3145
3662.484851	21.420410	3146
3663.509270	23.049420	3147
3664.502127	21.531325	3148
3665.526733	23.300172	3149
3666.522779	21.787840	3150
3667.544329	23.240795	3151
3668.538514	21.704113	3152
3669.563839	23.147563	3153
3670.555599	21.611562	3154
3671.579620	22.951467	3155
3672.573175	21.465386	3156
3673.598468	22.671736	3157
3674.589481	21.264136	3158
3675.616470	22.547738	3159
3676.608243	21.305172	3160
3677.632551	21.958752	3161
3678.624955	21.458840	3162
3679.649906	22.001874	3163
3680.643377	21.672501	3164
3681.664596	21.876006	3165
3682.657980	21.778184	3166
3683.682523	22.121822	3167
3684.677372	22.346858	3168
3685.701107	22.677206	3169
3686.692301	23.015026	3170
3687.716968	22.843569	3171
3688.711737	23.960057	3172
3689.737295	23.548239	3173
3690.728048	24.481106	3174
3691.754107	23.726754	3175
3692.748396	24.975816	3176
3693.772674	24.326745	3177
3694.766101	25.184726	3178
3695.790171	24.315528	3179
3696.785308	25.374305	3180
3697.810249	24.774509	3181
3698.801426	25.085619	3182
3699.828687	25.016308	3183
3700.820095	25.213026	3184
3701.849519	24.909834	3185
3702.837540	24.094869	3186
3703.869270	24.728140	3187
3704.854823	24.041827	3188
