crossing time (s)	slope (V/s)	crossing number
6047.996414	5.946931	5504
6049.025382	5.286265	5505
6050.013281	5.687842	5506
6051.046623	4.250787	5507
6052.033078	5.816442	5508
6053.066595	4.831794	5509
6054.052965	5.586947	5510
6055.083153	5.522400	5511
6056.072929	6.343910	5512
6057.107036	4.263769	5513
6058.095788	4.722488	5514
6059.129007	4.724093	5515
6060.104296	3.817216	5516
6061.175000	7.091188	5517
6062.106608	4.304005	5518
6063.183806	7.216238	5519
6064.151070	5.484750	5520
6065.182212	7.247654	5521
6066.174238	6.728706	5522
6067.218892	4.776644	5523
6068.168892	6.241813	5524
6069.242589	4.748391	5525
6070.210759	4.830512	5526
6071.240009	5.353133	5527
6072.225329	4.122795	5528
6073.287251	6.929237	5529
6074.228722	4.142453	5530
6075.288812	7.183011	5531
6076.279939	7.302988	5532
6077.302029	6.167523	5533
6078.277702	6.081775	5534
6079.344224	5.936326	5535
6080.296144	6.359826	5536
6081.343891	6.072796	5537
6082.333353	5.849780	5538
6083.360674	5.870949	5539
6084.338755	4.644398	5540
6085.399857	6.979612	5541
6086.347510	5.561111	5542
6087.416049	5.959886	5543
6088.376197	5.624442	5544
6089.424648	6.813922	5545
6090.409615	6.398277	5546
6091.434427	7.112467	5547
6092.428127	6.711688	5548
6093.452484	5.420174	5549
6094.448228	4.968057	5550
6095.473969	5.104895	5551
6096.468897	4.266601	5552
6097.494911	6.149782	5553
6098.489180	6.038841	5554
6099.511313	6.586717	5555
6100.504102	7.820573	5556
6101.531748	7.100743	5557
6102.519056	8.454127	5558
6103.562377	7.126472	5559
6104.527639	6.239125	5560
6105.592092	6.936899	5561
6106.541429	6.705091	5562
6107.601725	5.499914	5563
6108.573617	6.622554	5564
6109.608352	6.601861	5565
6110.600905	5.130731	5566
6111.636056	6.789757	5567
6112.604777	4.882523	5568
6113.667553	6.671133	5569
6114.622621	5.225028	5570
6115.676151	7.258494	5571
6116.658154	5.718774	5572
6117.684216	6.226287	5573
6118.674481	6.620590	5574
6119.713284	7.054356	5575
6120.677854	5.583022	5576
6121.744674	7.583904	5577
6122.696096	5.786891	5578
6123.753329	6.700364	5579
6124.728438	5.585949	5580
6125.761247	7.681819	5581
6126.759007	6.749551	5582
6127.780000	7.592890	5583
6128.771092	6.609769	5584
6129.805862	7.509545	5585
6130.780892	6.172304	5586
6131.831133	7.482262	5587
6132.795308	6.542856	5588
6133.852585	7.176931	5589
6134.810519	7.177244	5590
6135.872547	6.518766	5591
6136.826300	7.272398	5592
6137.891497	6.804358	5593
6138.847057	6.580346	5594
6139.909574	7.149041	5595
6140.869286	5.402274	5596
6141.923630	6.937342	5597
6142.893952	4.876621	5598
6143.936032	6.856522	5599
6144.921521	4.961667	5600
6145.947211	7.121714	5601
6146.945594	6.899227	5602
6147.965746	7.057641	5603
6148.958543	6.234185	5604
6149.997670	8.509951	5605
6150.965820	5.527553	5606
6152.020657	9.273405	5607
6152.980542	7.020634	5608
6154.035878	8.442840	5609
6155.010614	7.819337	5610
6156.040444	9.031602	5611
6157.037271	8.798545	5612
6158.053697	7.838301	5613
6159.049907	7.795587	5614
6160.085154	6.676863	5615
6161.057336	7.584683	5616
6162.114513	7.508073	5617
6163.069880	7.682692	5618
6164.133097	7.741117	5619
6165.094675	5.811518	5620
6166.141397	8.060129	5621
6167.125060	6.564873	5622
6168.153249	8.031589	5623
6169.150060	7.157645	5624
6170.168870	7.932712	5625
6171.168394	7.666873	5626
6172.185161	8.005884	5627
6173.185200	7.676026	5628
6174.204907	7.058725	5629
6175.202841	6.684488	5630
6176.225120	6.630512	5631
6177.223768	5.853133	5632
6178.244873	7.142119	5633
6179.242663	6.678230	5634
6180.260361	7.315278	5635
6181.259891	8.389395	5636
6182.277887	7.757164	5637
6183.275350	9.750864	5638
6184.300851	8.097451	5639
6185.292468	9.849172	5640
6186.328831	9.046060	5641
6187.303992	7.917828	5642
6188.354111	8.233609	5643
6189.313923	7.195530	5644
6190.371642	6.416744	5645
6191.334261	8.212784	5646
6192.378891	7.983014	5647
6193.363269	8.827369	5648
6194.392146	9.010892	5649
6195.389046	7.400762	5650
6196.408918	7.726665	5651
6197.405205	6.378020	5652
6198.431807	8.007479	5653
6199.413471	7.306503	5654
6200.458052	9.170419	5655
6201.427518	7.690654	5656
6202.479521	9.017229	5657
6203.445324	7.740022	5658
6204.498733	9.032621	5659
6205.464709	8.158962	5660
6206.515493	8.428084	5661
6207.485388	8.266703	5662
6208.529545	8.158697	5663
6209.507028	8.057574	5664
6210.545639	8.090742	5665
6211.528734	7.394935	5666
6212.563274	8.760515	5667
6213.548365	7.065591	5668
6214.581130	8.556119	5669
6215.566469	7.269221	5670
6216.600091	8.300412	5671
6217.582652	7.081250	5672
6218.621544	8.114166	5673
6219.597870	7.102321	5674
6220.643236	8.859812	5675
6221.611472	7.018497	5676
6222.666086	9.260670	5677
6223.626058	7.853166	5678
6224.685500	9.314279	5679
6225.642890	7.689864	5680
6226.702878	9.412438	5681
6227.666846	7.041776	5682
6228.713336	9.182415	5683
6229.695173	7.646972	5684
6230.724233	9.330108	5685
6231.721581	8.849726	5686
6232.737541	9.521702	5687
6233.739612	9.092824	5688
6234.756195	9.095066	5689
6235.750852	8.637031	5690
6236.780433	8.427344	5691
6237.763001	8.392741	5692
6238.806553	9.782250	5693
6239.776317	8.961991	5694
6240.827157	9.626942	5695
6241.790402	8.851767	5696
6242.845900	9.429909	5697
6243.808355	8.353051	5698
6244.862679	9.214712	5699
6245.830676	8.289658	5700
6246.878205	9.005436	5701
6247.850685	8.556454	5702
6248.894553	8.421150	5703
6249.870050	7.864865	5704
6250.912701	8.882979	5705
6251.890051	7.615019	5706
6252.930358	9.219358	5707
6253.908354	7.846517	5708
6254.948881	8.953587	5709
6255.924845	7.787148	5710
6256.967175	8.198352	5711
6257.938600	8.132473	5712
6258.988403	8.446476	5713
6259.954377	8.900592	5714
6261.006951	8.783035	5715
6261.970660	9.336562	5716
6263.026524	8.351874	5717
6263.990357	8.997631	5718
6265.041534	9.247518	5719
6266.014271	9.416599	5720
6267.055609	9.635585	5721
6268.038035	9.156710	5722
6269.070649	9.982646	5723
6270.060393	8.743553	5724
6271.083770	8.904814	5725
6272.082067	8.489295	5726
6273.098614	8.432247	5727
6274.097224	8.836031	5728
6275.119329	8.748260	5729
6276.112180	9.849587	5730
6277.142524	9.737835	5731
6278.126537	9.820727	5732
6279.168525	10.608739	5733
6280.141223	9.353777	5734
6281.189266	10.885528	5735
6282.155990	8.648154	5736
6283.209886	9.941827	5737
6284.171633	8.627055	5738
6285.228249	9.395066	5739
6286.188056	8.622538	5740
6287.245697	8.771344	5741
6288.205902	8.652953	5742
6289.261706	8.209583	5743
6290.225218	8.710709	5744
6291.279605	8.287621	5745
6292.242883	9.216144	5746
6293.297553	8.007347	5747
6294.258058	9.465297	5748
6295.315301	8.315819	5749
6296.276694	10.022120	5750
6297.332795	8.239561	5751
6298.294286	9.465307	5752
6299.348034	8.592469	5753
6300.316606	9.145111	5754
6301.362063	8.783850	5755
6302.339428	8.422647	5756
6303.376750	9.223453	5757
6304.363425	8.032041	5758
6305.390458	9.324155	5759
6306.386177	8.115065	5760
6307.407031	8.614795	5761
6308.405475	8.111750	5762
6309.425551	8.465056	5763
6310.422806	7.840732	5764
6311.447781	8.747963	5765
6312.437236	7.693848	5766
6313.471729	9.945986	5767
6314.449624	7.781572	5768
6315.493566	10.443240	5769
6316.462703	8.194974	5770
6317.514088	10.669704	5771
6318.479462	8.223843	5772
6319.543522	10.731576	5773
6320.496295	8.557835	5774
6321.552759	9.512440	5775
6322.514396	8.483325	5776
6323.571458	8.711240	5777
6324.531445	8.768444	5778
6325.586998	8.523723	5779
6326.549143	8.520583	5780
6327.604275	8.187346	5781
6328.566761	9.002326	5782
6329.621272	8.316961	5783
6330.584280	9.271730	5784
6331.638699	8.535463	5785
6332.600786	10.033442	5786
6333.656421	8.213758	5787
6334.618956	10.581893	5788
6335.673082	8.846661	5789
6336.638801	10.610740	5790
6337.689835	9.417241	5791
6338.660912	10.323846	5792
6339.705686	9.962197	5793
6340.682659	9.618773	5794
6341.720832	9.712158	5795
6342.705997	9.018962	5796
6343.736003	9.806244	5797
6344.728587	8.791865	5798
6345.748421	9.069020	5799
6346.748487	8.636701	5800
6347.764851	8.550355	5801
6348.764672	8.925087	5802
6349.786189	9.118055	5803
6350.781846	9.853451	5804
6351.805341	9.450491	5805
6352.799463	10.555597	5806
6353.827313	9.531329	5807
6354.813275	10.732169	5808
6355.850327	9.446555	5809
6356.827827	9.730047	5810
