time (s)	energy (uJ)	charge (mC)	voltage (mV)	crossing#mod 255
6048.347700	11.520573	6.876731	1.675298	128
6049.358969	10.999721	6.846472	1.606626	129
6050.359768	11.565434	6.847524	1.688995	130
6051.382014	11.985231	6.846247	1.750628	131
6052.378066	11.820706	6.853799	1.724694	132
6053.402530	12.410490	6.849844	1.811792	133
6054.390498	11.452646	6.857937	1.669984	134
6055.417249	12.600337	6.833061	1.844025	135
6056.410177	11.769598	6.814876	1.727045	136
6057.436858	13.251015	6.852818	1.933659	137
6058.436049	13.098062	6.860600	1.909171	138
6059.495174	9.602938	6.861329	1.399574	139
6060.427221	14.366346	6.836689	2.101360	140
6061.514666	6.152889	6.853359	0.897792	141
6062.440663	14.371954	6.851367	2.097677	142
6063.519232	7.819592	6.849395	1.141647	143
6064.500324	8.376874	6.842612	1.224222	144
6065.516748	9.463788	6.860346	1.379491	145
6066.522548	11.798706	6.854798	1.721233	146
6067.558454	9.546171	6.843837	1.394857	147
6068.515170	12.323009	6.858484	1.796754	148
6069.591532	11.865741	6.848911	1.732500	149
6070.547699	11.735025	6.854758	1.711954	150
6071.587289	13.045303	6.849080	1.904680	151
6072.562306	13.821471	6.859483	2.014944	152
6073.640932	8.037254	6.854193	1.172604	153
6074.571218	12.894001	6.847908	1.882911	154
6075.634154	12.126296	6.842533	1.772194	155
6076.622031	10.217875	6.837585	1.494369	156
6077.648451	11.989841	6.849142	1.750561	157
6078.611461	13.248315	6.846858	1.934948	158
6079.682671	10.200241	6.854950	1.488011	159
6080.633179	11.684701	6.833364	1.709949	160
6081.678937	12.794291	6.859474	1.865200	161
6082.686963	12.952439	6.839995	1.893633	162
6083.696614	12.947728	6.855108	1.888771	163
6084.686294	15.081528	6.843297	2.203840	164
6085.741795	7.311040	6.831357	1.070218	165
6086.698496	14.148345	6.859321	2.062645	166
6087.753239	9.793230	6.839402	1.431884	167
6088.725482	13.604977	6.862270	1.982577	168
6089.760652	10.335285	6.825871	1.514134	169
6090.760669	11.205777	6.844454	1.637205	170
6091.770293	10.720948	6.816828	1.572718	171
6092.765538	10.655100	6.843944	1.556865	172
6093.798434	12.327435	6.834962	1.803585	173
6094.783665	12.287271	6.844543	1.795192	174
6095.825357	12.794028	6.850248	1.867674	175
6096.818510	13.316727	6.849566	1.944171	176
6097.833826	12.942274	6.849542	1.889510	177
6098.827809	13.279765	6.834398	1.943078	178
6099.848327	13.426682	6.851972	1.959536	179
6100.851670	13.196242	6.846398	1.927472	180
6101.869852	12.000255	6.842463	1.753792	181
6102.865684	13.088583	6.852461	1.910056	182
6103.901879	9.210101	6.862068	1.342176	183
6104.864632	13.569739	6.826233	1.987881	184
6105.942539	8.710080	6.851982	1.271177	185
6106.877452	14.024206	6.850470	2.047189	186
6107.949092	10.221708	6.849330	1.492366	187
6108.913141	10.931176	6.835689	1.599133	188
6109.943616	10.640277	6.847407	1.553913	189
6110.940847	11.074128	6.845792	1.617655	190
6111.975404	11.834827	6.857474	1.725829	191
6112.947144	12.478587	6.853150	1.820854	192
6114.007158	11.207249	6.839170	1.638685	193
6114.960790	12.807219	6.870922	1.863974	194
6116.011219	11.338976	6.861355	1.652586	195
6117.008671	13.497308	6.861421	1.967130	196
6118.020835	13.625443	6.816081	1.999014	197
6119.021555	13.675433	6.850734	1.996200	198
6120.054063	9.820516	6.828903	1.438081	199
6121.022988	14.411754	6.855164	2.102321	200
6122.084886	8.702385	6.836918	1.272852	201
6123.033237	14.095026	6.825848	2.064949	202
6124.100625	10.340152	6.856042	1.508181	203
6125.071363	11.171573	6.836897	1.634012	204
6126.108639	11.745453	6.842670	1.716501	205
6127.108932	11.718174	6.836461	1.714070	206
6128.127968	12.657030	6.849071	1.847992	207
6129.107801	11.708325	6.830281	1.714179	208
6130.144592	10.922145	6.847757	1.594996	209
6131.118742	12.059495	6.860650	1.757778	210
6132.169617	11.274475	6.840161	1.648276	211
6133.144016	12.892284	6.863412	1.878408	212
6134.201190	12.307512	6.850698	1.796534	213
6135.157841	12.872986	6.846160	1.880322	214
6136.221614	12.757167	6.858568	1.860034	215
6137.173260	12.712111	6.851574	1.855356	216
6138.229809	12.324265	6.842854	1.801042	217
6139.182243	12.414988	6.834808	1.816435	218
6140.257765	13.080977	6.864426	1.905619	219
6141.205257	11.638870	6.837483	1.702216	220
6142.272054	13.253501	6.848630	1.935205	221
6143.232486	12.386824	6.839769	1.811000	222
6144.283633	13.108041	6.853137	1.912707	223
6145.263115	12.476844	6.840818	1.823882	224
6146.284127	11.875989	6.809555	1.744019	225
6147.294733	13.256570	6.848849	1.935591	226
6148.302973	12.383015	6.848424	1.808155	227
6149.295648	14.338086	6.846340	2.094270	228
6150.347247	10.396022	6.821061	1.524106	229
6151.302316	13.324896	6.844720	1.946741	230
6152.370114	9.583960	6.840387	1.401084	231
6153.317831	12.823026	6.858612	1.869624	232
6154.382813	11.213009	6.847718	1.637481	233
6155.349831	11.455763	6.855166	1.671114	234
6156.375933	11.671919	6.831771	1.708476	235
6157.376280	10.826221	6.843917	1.581875	236
6158.390289	12.402802	6.836400	1.814230	237
6159.396429	13.291398	6.851070	1.940047	238
6160.426683	10.277168	6.832265	1.504211	239
6161.403393	13.726820	6.845475	2.005240	240
6162.453361	10.174684	6.834085	1.488814	241
6163.405768	12.921906	6.829884	1.891966	242
6164.471104	10.843769	6.836058	1.586261	243
6165.432330	12.344259	6.844089	1.803638	244
6166.489636	12.258060	6.844284	1.790992	245
6167.465492	10.978868	6.849365	1.602903	246
6168.500516	12.693059	6.854091	1.851895	247
6169.489362	11.572145	6.842281	1.691270	248
6170.515505	13.026929	6.850824	1.901513	249
6171.505561	12.398656	6.847994	1.810553	250
6172.522692	12.696204	6.854875	1.852142	251
6173.532625	13.592993	6.851454	1.983957	252
6174.542016	13.349273	6.839505	1.951789	253
6175.550986	14.015951	6.849483	2.046278	254
6176.564225	13.623131	6.842093	1.991076	255
6177.562039	13.701900	6.859795	1.997421	0
6178.593738	15.166311	6.836594	2.218402	1
6179.580487	14.088959	6.843303	2.058795	2
6180.608551	15.275562	6.851778	2.229430	3
6181.606740	13.579346	6.844324	1.984030	4
6182.615647	14.418573	6.842485	2.107213	5
6183.611967	12.594057	6.836515	1.842175	6
6184.638764	12.498423	6.842698	1.826535	7
6185.628154	12.333148	6.836957	1.803894	8
6186.666741	10.695173	6.847236	1.561970	9
6187.651103	14.392053	6.856057	2.099174	10
6188.693050	9.284776	6.847876	1.355862	11
6189.660671	14.696954	6.836126	2.149895	12
6190.709210	10.585145	6.846452	1.546077	13
6191.682810	13.874868	6.835705	2.029764	14
6192.714367	11.046741	6.826696	1.618168	15
6193.712097	12.792023	6.846138	1.868502	16
6194.727942	10.178032	6.850460	1.485744	17
6195.739616	12.085268	6.837852	1.767407	18
6196.746299	11.759611	6.841559	1.718850	19
6197.752310	12.939803	6.843771	1.890742	20
6198.769699	10.866824	6.810261	1.595655	21
6199.759384	12.675673	6.841166	1.852853	22
6200.797154	10.221977	6.840847	1.494256	23
6201.775126	11.937508	6.841626	1.744835	24
6202.818720	10.582289	6.845121	1.545961	25
6203.793425	12.298844	6.858243	1.793294	26
6204.836479	10.175986	6.847878	1.486006	27
6205.812701	12.146153	6.848116	1.773649	28
6206.852323	12.189056	6.831388	1.784272	29
6207.833623	12.370908	6.852561	1.805297	30
6208.866903	12.032517	6.842816	1.758416	31
6209.855495	13.030762	6.831871	1.907349	32
6210.882317	12.084535	6.854983	1.762883	33
6211.876891	13.142919	6.844621	1.920182	34
6212.900929	11.244012	6.835329	1.644985	35
6213.896670	12.584155	6.830736	1.842284	36
6214.918219	11.684091	6.842242	1.707641	37
6215.914470	12.372553	6.854104	1.805131	38
6216.937844	12.525455	6.829077	1.834136	39
6217.930233	12.860682	6.863881	1.873675	40
6218.959086	12.152365	6.848224	1.774528	41
6219.944988	13.221527	6.861220	1.926993	42
6220.980566	10.251732	6.832454	1.500447	43
6221.959156	13.564617	6.848784	1.980588	44
6223.002724	8.975806	6.839410	1.312366	45
6223.973853	13.493300	6.847146	1.970646	46
6225.021877	9.575249	6.847809	1.398294	47
6225.991155	13.303766	6.857056	1.940157	48
6227.038726	10.100907	6.817609	1.481591	49
6228.016146	12.937153	6.852107	1.888055	50
6229.049578	11.425695	6.841847	1.669972	51
6230.033994	11.304826	6.842318	1.652192	52
6231.059858	11.649305	6.837450	1.703750	53
6232.069684	11.187153	6.860159	1.630743	54
6233.073498	11.316526	6.852801	1.651373	55
6234.086393	11.604231	6.847875	1.694574	56
6235.092543	11.800141	6.831851	1.727225	57
6236.098007	13.070086	6.824819	1.915082	58
6237.118396	11.111292	6.838656	1.624777	59
6238.110687	13.078336	6.842547	1.911326	60
6239.154075	10.425402	6.850019	1.521952	61
6240.122898	12.658449	6.860364	1.845157	62
6241.165696	10.249370	6.833599	1.499850	63
6242.137573	12.449125	6.846937	1.818204	64
6243.183786	10.935508	6.866494	1.592590	65
6244.145177	11.786816	6.835410	1.724376	66
6245.210118	11.888818	6.852476	1.734967	67
6246.167723	11.217487	6.832524	1.641778	68
6247.225881	12.471030	6.854267	1.819455	69
6248.188776	11.164762	6.830104	1.634640	70
6249.232487	12.201561	6.846692	1.782110	71
6250.207070	12.327606	6.858047	1.797539	72
6251.248600	11.800998	6.846139	1.723745	73
6252.228253	11.845092	6.827035	1.735027	74
6253.266927	11.204898	6.840124	1.638113	75
6254.246078	11.286959	6.845890	1.648721	76
6255.285348	11.920897	6.850138	1.740242	77
6256.262317	11.361849	6.852522	1.658054	78
6257.305452	12.500854	6.849423	1.825096	79
6258.275363	11.475931	6.860797	1.672682	80
6259.326586	12.255586	6.835853	1.792839	81
6260.291391	11.227310	6.828653	1.644147	82
6261.344751	12.558976	6.844837	1.834810	83
6262.318576	11.496851	6.843698	1.679918	84
6263.363320	12.515801	6.837675	1.830418	85
6264.339961	11.787282	6.844575	1.722135	86
6265.378866	11.677670	6.839380	1.707417	87
6266.362322	12.533058	6.845754	1.830778	88
6267.392633	10.798664	6.832297	1.580532	89
6268.386862	12.609686	6.853701	1.839836	90
6269.406476	11.574162	6.844719	1.690962	91
6270.397912	12.251359	6.834087	1.792684	92
6271.419443	12.442234	6.824546	1.823159	93
6272.419716	12.879342	6.855927	1.878570	94
6273.435456	13.353803	6.837436	1.953043	95
6274.434167	12.801661	6.798801	1.882929	96
6275.457227	12.634534	6.855479	1.842983	97
6276.448931	11.985566	6.842419	1.751656	98
6277.490721	11.248152	6.846319	1.642949	99
6278.463991	11.481048	6.851717	1.675645	100
6279.515665	9.949914	6.864527	1.449468	101
6280.478397	11.911387	6.830527	1.743846	102
6281.536974	10.126727	6.839010	1.480730	103
6282.492925	12.859329	6.851047	1.876988	104
6283.557304	10.303557	6.831862	1.508162	105
6284.508251	12.967669	6.826803	1.899523	106
6285.575665	10.776190	6.850779	1.572988	107
6286.526027	12.911079	6.840590	1.887422	108
6287.593440	11.919116	6.840103	1.742535	109
6288.543232	12.815407	6.829978	1.876347	110
6289.608771	12.595221	6.861700	1.835583	111
6290.562628	12.597548	6.840305	1.841665	112
6291.616742	12.103295	6.830534	1.771940	113
6292.580048	11.957026	6.844695	1.746904	114
6293.634944	12.309908	6.844440	1.798527	115
6294.596859	11.067157	6.820786	1.622563	116
6295.653071	12.646351	6.835545	1.850087	117
6296.625696	10.837632	6.836311	1.585304	118
6297.671207	12.815674	6.830965	1.876115	119
6298.644971	10.759276	6.852860	1.570042	120
6299.685212	12.755622	6.834584	1.866335	121
6300.666347	10.974726	6.837660	1.605041	122
6301.699501	12.489205	6.844948	1.824587	123
6302.688727	12.024059	6.842349	1.757300	124
6303.713416	11.740119	6.839731	1.716459	125
6304.702354	12.015433	6.835675	1.757754	126
6305.737199	12.698612	6.840699	1.856333	127
6306.724384	12.333158	6.852025	1.799929	128
6307.753013	13.448697	6.853132	1.962416	129
6308.742810	13.095094	6.832157	1.916685	130
6309.762105	13.590326	6.847175	1.984808	131
6310.770717	13.649086	6.842896	1.994636	132
6311.784855	12.479553	6.829445	1.827316	133
6312.784918	12.896412	6.844748	1.884133	134
6313.808513	11.036489	6.829937	1.615899	135
6314.796522	12.466126	6.851158	1.819565	136
6315.830112	10.195385	6.838766	1.490822	137
6316.800223	12.011951	6.842320	1.755538	138
6317.861695	9.699584	6.862673	1.413383	139
6318.816272	12.497397	6.846288	1.825427	140
6319.882239	9.472123	6.863197	1.380133	141
6320.833020	12.870504	6.851650	1.878453	142
6321.888228	9.438434	6.853758	1.377118	143
6322.851810	12.804560	6.838575	1.872402	144
6323.906369	9.920420	6.829694	1.452542	145
6324.879642	12.863161	6.847842	1.878425	146
6325.923985	11.026812	6.844189	1.611120	147
6326.887127	12.245440	6.833223	1.792045	148
6327.951836	12.847662	6.848248	1.876051	149
6328.904992	11.779240	6.852909	1.718867	150
6329.958810	12.262726	6.825781	1.796531	151
6330.932707	11.404469	6.865754	1.661066	152
6331.976761	12.656333	6.839426	1.850496	153
6332.950533	10.851963	6.858891	1.582175	154
6333.994197	12.695702	6.851583	1.852959	155
6334.958479	10.219231	6.825895	1.497127	156
6336.020929	12.850320	6.839665	1.878794	157
6336.977394	10.255528	6.839186	1.499525	158
6338.037264	11.946896	6.858874	1.741816	159
6338.999097	11.179439	6.833128	1.636065	160
6340.040804	10.897628	6.833413	1.594756	161
6341.031842	12.052169	6.845078	1.760706	162
6342.056799	10.730692	6.851188	1.566253	163
6343.054324	12.618419	6.835602	1.845985	164
6344.070055	12.143712	6.857099	1.770970	165
6345.065262	12.645229	6.839244	1.848922	166
6346.085324	12.968842	6.812387	1.903715	167
6347.085737	13.264758	6.849015	1.936740	168
6348.112377	13.977948	6.848291	2.041086	169
6349.102392	12.941742	6.837811	1.892673	170
6350.121337	12.878367	6.853583	1.879071	171
6351.129066	12.208631	6.856013	1.780719	172
6352.142677	11.311864	6.854087	1.650382	173
6353.134845	11.017449	6.853271	1.607619	174
6354.175506	10.712910	6.858957	1.561886	175
6355.149467	11.282785	6.847649	1.647688	176
6356.186833	9.275529	6.841646	1.355745	177
6357.164640	11.785096	6.829999	1.725490	178
